tag	monat	jahr	Zahl1	Zahl2	Zahl3	Zahl4	Zahl5	Zahl6	Zusatzzahl	Superzahl
9	10	1955	13	41	3	23	12	16
16	10	1955	12	32	30	49	3	18
23	10	1955	34	12	14	24	36	23
30	10	1955	30	13	36	44	23	4
6	11	1955	31	44	6	49	5	39
13	11	1955	29	44	6	37	22	18
20	11	1955	27	44	8	16	12	4
27	11	1955	26	37	9	44	46	24
4	12	1955	47	20	31	26	21	5
11	12	1955	10	26	37	8	31	22
18	12	1955	26	8	42	39	36	14
26	12	1955	34	38	42	39	9	5
1	1	1956	38	22	46	4	27	36
8	1	1956	37	6	41	22	21	42
15	1	1956	29	1	19	9	49	16
22	1	1956	23	40	35	12	17	27
29	1	1956	18	5	22	6	38	43
5	2	1956	26	42	43	12	35	36
12	2	1956	14	1	23	27	33	30
19	2	1956	26	35	38	20	42	8
26	2	1956	30	42	1	48	32	45
4	3	1956	41	6	4	47	17	19
11	3	1956	6	28	9	26	20	22
18	3	1956	26	10	3	49	24	38
25	3	1956	42	16	18	3	37	19
2	4	1956	25	10	32	7	43	22
8	4	1956	32	39	19	25	2	30
15	4	1956	46	32	14	31	12	1
22	4	1956	19	33	21	10	24	35
29	4	1956	18	4	40	36	47	34
6	5	1956	45	39	41	49	3	1
13	5	1956	43	31	39	32	4	34
21	5	1956	22	12	37	31	6	42
27	5	1956	36	33	38	43	35	5
3	6	1956	36	34	35	11	33	17
10	6	1956	23	40	14	46	10	16
17	6	1956	25	41	5	46	38	19	24
24	6	1956	37	18	43	32	14	16	21
1	7	1956	44	13	35	21	25	5	10
8	7	1956	47	3	43	20	48	42	19
15	7	1956	48	12	19	17	34	23	32
22	7	1956	38	48	5	10	18	8	14
29	7	1956	27	35	9	17	23	10	39
5	8	1956	40	9	23	25	31	46	49
12	8	1956	10	31	4	11	26	47	13
19	8	1956	5	34	33	14	6	40	21
26	8	1956	36	3	16	29	25	11	39
2	9	1956	49	48	40	31	26	14	10
9	9	1956	42	47	15	28	27	22	33
16	9	1956	42	23	17	8	4	18	41
23	9	1956	31	9	5	22	21	6	10
30	9	1956	9	10	39	36	27	24	19
7	10	1956	33	44	29	36	9	6	39
14	10	1956	32	10	11	25	12	42	27
21	10	1956	41	22	1	2	48	36	20
28	10	1956	17	5	49	39	29	47	31
4	11	1956	38	7	16	19	39	33	42
11	11	1956	29	36	7	34	49	14	15
18	11	1956	37	40	39	28	16	14	42
25	11	1956	16	36	44	25	6	9	34
2	12	1956	15	9	47	10	27	21	14
9	12	1956	32	11	13	7	43	6	33
16	12	1956	17	20	23	15	31	35	26
23	12	1956	49	45	13	47	1	5	29
6	1	1957	23	31	17	11	26	38	40
13	1	1957	20	4	16	19	17	15	28
20	1	1957	6	47	7	33	3	12	2
27	1	1957	2	39	6	9	28	49	20
3	2	1957	12	6	39	30	43	34	14
10	2	1957	31	49	18	9	17	19	30
17	2	1957	1	31	42	35	9	15	48
24	2	1957	15	16	28	43	23	2	48
3	3	1957	36	9	34	4	11	45	8
10	3	1957	2	36	45	7	35	18	29
17	3	1957	3	14	35	24	44	32	47
24	3	1957	18	48	22	45	31	14	20
31	3	1957	47	20	30	44	27	26	35
7	4	1957	2	40	31	14	48	18	36
14	4	1957	39	18	6	28	44	15	5
22	4	1957	35	44	11	39	27	45	13
28	4	1957	18	43	23	37	20	33	42
5	5	1957	31	41	4	2	27	22	38
12	5	1957	15	21	31	17	24	40	8
19	5	1957	28	16	44	30	20	29	4
26	5	1957	24	35	3	45	40	1	42
2	6	1957	4	32	37	14	3	29	5
10	6	1957	7	47	1	32	8	35	3
16	6	1957	21	38	14	44	34	30	25
23	6	1957	10	12	19	4	25	8	13
30	6	1957	23	31	15	36	37	46	24
7	7	1957	26	11	5	22	6	14	46
14	7	1957	41	44	40	34	28	30	26
21	7	1957	42	1	2	23	44	3	47
28	7	1957	9	25	34	20	1	27	48
4	8	1957	48	17	42	8	43	6	49
11	8	1957	13	39	29	33	36	26	22
18	8	1957	3	40	48	8	41	14	43
25	8	1957	36	31	24	30	42	38	10
1	9	1957	27	47	7	40	2	4	45
8	9	1957	27	38	21	12	20	40	4
15	9	1957	24	37	19	28	34	12	26
22	9	1957	25	10	33	9	35	7	18
29	9	1957	21	22	13	26	42	20	41
6	10	1957	9	26	25	31	11	6	7
13	10	1957	49	1	14	41	29	30	48
20	10	1957	35	36	24	2	27	42	41
27	10	1957	22	4	18	9	23	2	41
3	11	1957	49	26	46	45	3	11	41
10	11	1957	24	45	46	16	30	20	4
17	11	1957	20	24	49	34	8	22	16
24	11	1957	23	25	3	26	1	14	21
1	12	1957	46	36	9	27	26	11	43
8	12	1957	45	26	3	32	47	43	11
15	12	1957	27	11	22	7	39	18	46
22	12	1957	33	22	28	23	4	7	9
29	12	1957	46	14	34	45	47	36	2
5	1	1958	36	15	21	44	10	6	8
12	1	1958	19	36	9	37	23	22	13
19	1	1958	30	32	12	34	14	3	5
26	1	1958	7	4	23	41	6	27	14
2	2	1958	34	46	4	48	38	39	31
9	2	1958	30	45	40	43	25	37	12
16	2	1958	36	37	8	45	15	21	12
23	2	1958	19	2	26	3	17	12	36
2	3	1958	24	9	11	27	48	21	42
9	3	1958	11	20	49	5	10	36	38
16	3	1958	18	6	2	8	17	35	11
23	3	1958	39	20	27	5	22	43	17
30	3	1958	30	38	46	28	22	34	13
7	4	1958	44	36	29	49	24	23	40
13	4	1958	16	10	29	13	28	47	18
20	4	1958	27	25	5	3	22	49	7
27	4	1958	1	21	38	30	25	9	6
4	5	1958	31	10	48	32	38	15	17
11	5	1958	2	7	32	36	25	38	27
18	5	1958	49	26	18	34	41	21	8
25	5	1958	37	29	3	8	38	6	35
1	6	1958	25	33	24	43	30	31	6
8	6	1958	34	8	32	46	48	9	15
15	6	1958	46	13	33	30	32	24	23
22	6	1958	17	24	26	32	30	37	49
29	6	1958	9	8	36	27	10	15	19
6	7	1958	28	33	6	31	46	39	49
13	7	1958	19	18	17	36	21	49	48
20	7	1958	4	29	44	3	49	30	24
27	7	1958	42	48	41	47	17	35	18
3	8	1958	46	48	24	10	14	18	3
10	8	1958	14	9	22	36	26	34	37
17	8	1958	1	39	20	17	29	10	36
24	8	1958	18	28	35	45	42	37	19
31	8	1958	45	19	21	14	31	32	47
7	9	1958	47	13	21	37	45	44	26
14	9	1958	33	35	40	1	5	9	7
21	9	1958	20	32	14	13	7	1	15
28	9	1958	46	39	27	9	35	22	23
5	10	1958	4	38	8	2	30	44	14
12	10	1958	33	16	25	19	6	20	2
19	10	1958	46	4	6	49	48	45	18
26	10	1958	33	30	6	34	21	36	20
2	11	1958	47	8	13	7	29	49	21
9	11	1958	46	11	18	44	8	12	30
16	11	1958	22	21	45	11	47	25	15
23	11	1958	22	18	19	49	4	25	27
30	11	1958	11	44	46	49	19	18	37
7	12	1958	28	13	1	17	27	4	46
14	12	1958	11	48	31	9	26	13	1
21	12	1958	6	45	15	17	40	9	16
28	12	1958	44	41	12	14	49	19	31
4	1	1959	41	46	2	13	34	27	23
11	1	1959	46	45	44	28	7	18	19
18	1	1959	2	43	4	6	41	40	44
25	1	1959	28	41	47	44	27	5	48
1	2	1959	25	26	33	1	41	6	36
8	2	1959	13	25	33	6	11	15	20
15	2	1959	11	25	6	33	29	8	23
22	2	1959	18	49	29	44	47	5	23
1	3	1959	33	18	46	21	37	2	14
8	3	1959	11	16	10	1	36	39	3
15	3	1959	14	29	37	40	48	21	26
22	3	1959	49	26	19	34	5	43	16
29	3	1959	49	16	35	10	7	23	8
5	4	1959	23	19	35	18	2	39	41
12	4	1959	2	42	39	48	33	28	1
19	4	1959	16	28	20	4	46	22	30
26	4	1959	21	40	1	14	8	15	37
3	5	1959	30	31	35	46	7	5	13
10	5	1959	44	43	42	14	22	19	49
17	5	1959	49	7	27	41	46	1	16
24	5	1959	28	19	41	4	1	5	16
31	5	1959	8	25	22	49	44	17	39
7	6	1959	10	42	44	23	21	11	48
14	6	1959	30	19	41	28	32	17	10
21	6	1959	42	10	24	28	23	35	44
28	6	1959	34	42	3	4	43	21	1
5	7	1959	2	36	49	44	18	9	39
12	7	1959	35	25	31	23	46	29	18
19	7	1959	9	46	2	26	40	13	38
26	7	1959	31	30	14	48	34	38	24
2	8	1959	24	6	48	45	37	14	22
9	8	1959	26	9	35	36	33	11	48
16	8	1959	31	16	13	28	15	9	26
23	8	1959	2	13	19	42	41	31	4
30	8	1959	36	33	14	16	35	11	28
6	9	1959	8	3	29	9	18	26	37
13	9	1959	15	16	44	1	9	23	43
20	9	1959	48	45	26	46	11	31	19
27	9	1959	1	9	30	24	22	32	27
4	10	1959	15	21	19	16	29	17	1
11	10	1959	39	34	6	5	17	31	2
18	10	1959	19	11	45	40	2	38	26
25	10	1959	39	26	19	18	6	29	42
1	11	1959	12	18	33	29	25	37	13
8	11	1959	20	31	38	19	36	45	17
15	11	1959	29	23	35	3	7	37	28
22	11	1959	15	23	43	38	47	4	48
29	11	1959	4	34	3	5	14	49	24
6	12	1959	2	20	1	37	21	29	4
13	12	1959	5	43	14	32	45	20	29
20	12	1959	40	20	42	25	27	22	32
27	12	1959	31	47	48	25	8	17	33
3	1	1960	9	42	48	40	43	39	6
10	1	1960	33	41	28	22	27	36	43
17	1	1960	14	24	49	33	15	7	23
24	1	1960	45	42	22	43	37	48	1
31	1	1960	30	41	49	29	4	40	43
7	2	1960	48	13	20	41	33	8	35
14	2	1960	10	12	28	45	26	22	2
21	2	1960	12	45	1	26	25	14	28
28	2	1960	12	13	4	3	24	20	49
6	3	1960	34	44	25	48	6	2	12
13	3	1960	28	19	46	41	32	43	7
20	3	1960	26	48	47	33	43	45	42
27	3	1960	4	32	42	22	19	5	28
3	4	1960	47	10	25	9	30	22	40
10	4	1960	7	47	43	39	15	3	8
18	4	1960	17	36	48	39	44	3	40
24	4	1960	17	42	40	4	25	33	18
1	5	1960	45	35	12	14	22	39	47
8	5	1960	28	9	3	33	41	32	19
15	5	1960	41	36	14	22	46	7	18
22	5	1960	28	6	36	8	14	32	15
29	5	1960	26	32	28	39	29	2	9
6	6	1960	32	44	31	24	40	48	34
12	6	1960	10	24	34	27	15	31	32
19	6	1960	24	41	14	19	31	40	15
26	6	1960	8	39	27	10	49	13	35
3	7	1960	23	4	49	34	21	17	10
10	7	1960	16	43	23	35	21	15	10
17	7	1960	22	29	30	49	12	20	21
24	7	1960	22	29	13	44	4	23	5
31	7	1960	32	18	38	5	25	33	15
7	8	1960	43	34	27	13	48	35	33
14	8	1960	14	4	38	25	30	7	17
21	8	1960	11	43	6	19	10	12	20
28	8	1960	31	39	37	28	12	24	4
4	9	1960	45	48	46	11	22	27	44
11	9	1960	46	41	23	25	32	42	24
18	9	1960	19	22	3	29	25	45	6
25	9	1960	17	48	33	18	7	8	12
2	10	1960	4	16	12	31	19	3	39
9	10	1960	38	24	20	12	30	45	17
16	10	1960	25	22	29	5	14	38	47
23	10	1960	5	48	29	31	6	18	42
30	10	1960	8	47	35	24	41	49	21
6	11	1960	19	9	10	3	18	24	25
13	11	1960	30	15	47	41	20	4	35
20	11	1960	36	13	33	19	14	42	11
27	11	1960	27	14	1	47	20	46	34
4	12	1960	22	18	5	13	4	3	17
11	12	1960	34	12	23	24	32	26	3
18	12	1960	46	5	47	45	1	8	26
26	12	1960	42	40	8	36	47	20	38
1	1	1961	15	8	27	49	11	42	33
8	1	1961	20	10	30	13	39	38	2
15	1	1961	10	35	14	16	37	23	21
22	1	1961	15	47	6	4	49	38	2
29	1	1961	18	45	10	6	47	37	5
5	2	1961	15	16	18	25	37	43	36
12	2	1961	41	38	5	32	16	42	9
19	2	1961	5	15	13	49	44	36	8
26	2	1961	26	13	6	36	35	18	48
5	3	1961	1	25	9	28	2	8	44
12	3	1961	24	28	21	13	26	8	2
19	3	1961	48	41	34	32	2	40	35
26	3	1961	6	7	40	9	15	12	36
3	4	1961	32	38	9	40	6	33	18
9	4	1961	20	3	31	17	26	21	45
16	4	1961	4	23	28	27	38	29	5
23	4	1961	30	38	17	16	15	40	47
30	4	1961	1	19	23	40	46	8	34
7	5	1961	27	39	18	22	3	34	48
14	5	1961	7	5	22	43	18	21	14
22	5	1961	7	21	9	45	35	31	40
28	5	1961	45	24	14	48	43	41	11
4	6	1961	15	1	41	36	2	11	3
11	6	1961	47	39	5	25	29	2	27
18	6	1961	47	5	34	9	22	21	6
25	6	1961	23	29	36	40	28	14	10
2	7	1961	37	42	1	25	29	17	40
9	7	1961	1	11	26	33	25	18	5
16	7	1961	2	48	42	1	32	19	35
23	7	1961	5	28	3	43	42	15	13
30	7	1961	12	49	35	2	41	47	37
6	8	1961	28	15	12	32	25	43	49
13	8	1961	9	31	12	23	28	38	21
20	8	1961	25	48	33	34	31	9	49
27	8	1961	18	17	44	15	11	33	38
3	9	1961	20	32	15	35	10	2	19
10	9	1961	13	15	29	16	5	11	17
17	9	1961	20	1	10	49	27	37	35
24	9	1961	7	13	10	16	5	18	30
1	10	1961	33	4	29	14	23	36	26
8	10	1961	1	33	48	4	35	31	18
15	10	1961	44	17	7	14	19	12	35
22	10	1961	31	25	48	45	40	47	16
29	10	1961	22	35	4	40	16	33	20
5	11	1961	9	33	5	6	44	41	7
12	11	1961	33	11	18	49	12	27	2
19	11	1961	44	8	13	14	30	32	40
26	11	1961	40	20	39	2	37	1	32
3	12	1961	27	17	7	16	25	8	36
10	12	1961	23	5	29	10	47	39	19
17	12	1961	5	32	21	49	13	25	45
26	12	1961	36	4	31	22	42	32	49
31	12	1961	9	2	1	27	24	26	23
7	1	1962	1	33	35	20	11	37	45
14	1	1962	12	22	9	19	26	27	25
21	1	1962	33	45	37	5	47	3	24
28	1	1962	37	20	41	5	49	48	46
4	2	1962	17	44	33	7	25	26	29
11	2	1962	29	23	40	18	27	9	42
18	2	1962	39	31	33	28	42	14	10
25	2	1962	32	11	36	38	9	29	7
4	3	1962	2	45	48	17	25	19	11
11	3	1962	21	33	43	4	19	45	26
18	3	1962	16	22	1	21	12	14	33
25	3	1962	27	44	24	38	25	45	32
1	4	1962	35	28	32	10	26	12	31
8	4	1962	10	32	27	25	9	4	42
15	4	1962	44	39	37	46	24	4	17
23	4	1962	42	39	36	7	29	35	17
29	4	1962	48	45	21	27	34	49	10
6	5	1962	17	28	13	44	47	12	29
13	5	1962	40	34	3	4	10	47	7
20	5	1962	27	32	1	19	26	48	4
27	5	1962	27	2	3	35	25	11	15
3	6	1962	33	15	31	19	25	22	17
11	6	1962	36	23	38	13	29	19	39
17	6	1962	23	13	34	25	2	27	7
24	6	1962	18	10	30	6	48	15	22
1	7	1962	17	10	32	33	14	36	49
8	7	1962	15	16	10	46	24	13	35
15	7	1962	9	13	28	47	35	46	11
22	7	1962	40	2	11	38	12	6	22
29	7	1962	4	44	26	1	48	14	47
5	8	1962	47	35	6	39	45	33	11
12	8	1962	19	48	43	3	17	8	18
19	8	1962	44	11	10	41	23	30	24
26	8	1962	48	26	32	6	35	18	41
2	9	1962	7	23	44	8	12	39	28
9	9	1962	47	14	28	8	9	37	16
16	9	1962	15	5	21	39	36	22	35
23	9	1962	40	14	34	22	38	48	3
30	9	1962	7	13	16	6	36	48	34
7	10	1962	32	2	30	38	25	49	48
14	10	1962	15	7	9	25	6	20	44
21	10	1962	1	11	41	27	2	46	43
28	10	1962	24	16	47	49	10	25	17
4	11	1962	18	31	19	26	41	14	17
11	11	1962	6	9	46	22	41	10	27
18	11	1962	4	1	35	19	11	43	18
25	11	1962	28	48	44	18	49	22	11
2	12	1962	29	15	17	42	32	16	5
9	12	1962	47	46	3	21	37	42	15
16	12	1962	6	7	15	42	33	47	12
23	12	1962	27	32	48	20	37	43	18
30	12	1962	24	37	1	21	23	15	25
6	1	1963	4	16	6	20	23	30	27
13	1	1963	14	25	26	38	1	41	28
20	1	1963	13	4	46	19	43	33	27
27	1	1963	48	11	46	14	37	30	32
3	2	1963	16	31	27	36	18	15	46
10	2	1963	11	26	13	25	30	10	6
17	2	1963	43	35	42	44	46	9	23
24	2	1963	13	41	17	45	15	11	2
3	3	1963	39	11	9	22	26	35	46
10	3	1963	41	27	19	26	47	8	9
17	3	1963	11	39	21	12	41	44	23
24	3	1963	10	25	48	49	45	18	23
31	3	1963	27	29	25	10	18	1	44
7	4	1963	23	38	6	1	44	2	10
15	4	1963	45	32	25	40	18	5	16
21	4	1963	2	20	31	37	27	49	28
28	4	1963	28	46	36	34	43	48	19
5	5	1963	11	7	17	36	26	19	13
12	5	1963	20	27	35	30	6	3	28
19	5	1963	5	21	4	10	34	11	48
26	5	1963	31	28	46	34	42	37	38
3	6	1963	44	12	38	6	20	49	23
9	6	1963	27	11	15	31	39	30	3
16	6	1963	35	23	38	5	19	22	24
23	6	1963	43	7	47	24	35	36	28
30	6	1963	40	46	19	3	17	29	22
7	7	1963	6	48	22	12	31	49	38
14	7	1963	30	23	38	1	37	24	32
21	7	1963	24	7	19	32	31	12	42
28	7	1963	8	4	44	30	28	40	10
4	8	1963	38	48	30	23	31	17	1
11	8	1963	19	2	20	37	8	23	18
18	8	1963	45	37	6	36	11	9	42
25	8	1963	4	24	26	8	22	38	35
1	9	1963	26	7	30	40	38	34	28
8	9	1963	26	23	30	34	44	48	43
15	9	1963	28	19	14	44	21	46	47
22	9	1963	14	17	29	45	23	11	24
29	9	1963	2	3	29	46	11	37	24
6	10	1963	39	28	40	7	1	11	17
13	10	1963	32	19	34	18	43	35	38
20	10	1963	3	32	12	30	4	26	1
27	10	1963	3	21	10	26	43	11	19
3	11	1963	34	23	17	5	33	38	31
10	11	1963	4	14	38	18	25	31	23
17	11	1963	28	13	40	24	31	32	22
24	11	1963	10	30	17	36	40	7	15
1	12	1963	15	27	32	14	45	37	17
8	12	1963	20	33	22	7	37	24	26
15	12	1963	9	31	1	36	7	19	29
22	12	1963	2	29	16	37	12	21	30
29	12	1963	5	6	36	16	9	29	28
5	1	1964	34	42	38	16	40	43	36
12	1	1964	8	42	38	21	1	28	10
19	1	1964	28	32	48	6	47	34	13
26	1	1964	30	7	36	14	17	43	42
2	2	1964	26	11	46	2	3	21	8
9	2	1964	29	10	25	18	7	32	22
16	2	1964	28	22	47	21	7	39	13
23	2	1964	21	16	47	32	26	2	23
1	3	1964	23	37	44	3	35	15	13
8	3	1964	26	32	1	16	41	35	13
15	3	1964	10	31	43	16	25	17	11
22	3	1964	2	13	10	39	24	9	29
30	3	1964	36	25	41	22	18	47	23
5	4	1964	1	30	42	23	24	28	5
12	4	1964	25	32	48	15	13	42	23
19	4	1964	37	21	10	39	41	23	38
26	4	1964	38	46	28	19	40	39	23
3	5	1964	49	4	43	5	9	47	8
10	5	1964	32	48	34	19	11	12	2
18	5	1964	5	35	42	33	48	9	23
24	5	1964	6	34	31	43	11	13	25
31	5	1964	49	38	21	22	45	1	47
7	6	1964	45	32	5	9	37	4	39
14	6	1964	22	39	1	29	23	49	38
21	6	1964	27	14	33	37	39	48	35
28	6	1964	37	22	10	5	11	27	31
5	7	1964	12	23	13	49	10	22	11
12	7	1964	47	1	49	36	35	18	26
19	7	1964	3	38	24	37	46	12	9
26	7	1964	31	34	41	44	37	48	1
2	8	1964	16	36	45	40	34	47	22
9	8	1964	41	16	38	36	34	9	17
16	8	1964	46	23	36	6	14	45	18
23	8	1964	45	20	32	12	16	37	7
30	8	1964	36	4	35	40	17	31	21
6	9	1964	36	41	38	43	45	34	4
13	9	1964	27	20	4	6	24	1	32
20	9	1964	18	32	39	42	43	21	22
27	9	1964	42	26	41	9	29	22	46
4	10	1964	35	25	46	47	20	8	38
11	10	1964	2	46	42	34	23	38	32
18	10	1964	1	34	17	44	33	6	47
25	10	1964	14	19	29	18	39	16	47
1	11	1964	22	30	40	1	36	14	25
8	11	1964	41	18	32	21	2	26	6
15	11	1964	24	23	38	9	33	3	37
22	11	1964	22	33	39	46	9	5	12
29	11	1964	17	32	31	5	40	11	22
6	12	1964	33	2	45	8	23	4	41
13	12	1964	36	17	10	30	28	49	7
20	12	1964	30	39	29	46	15	20	48
27	12	1964	16	15	47	37	21	35	7
3	1	1965	23	33	43	7	13	25	45
10	1	1965	35	8	15	4	10	12	22
17	1	1965	27	9	18	47	17	7	11
24	1	1965	46	38	18	13	31	24	4
31	1	1965	29	34	32	42	26	10	22
7	2	1965	29	23	49	13	8	5	16
14	2	1965	33	42	3	13	47	37	19
21	2	1965	46	36	28	49	6	9	11
28	2	1965	35	8	18	30	27	15	39
7	3	1965	18	38	42	33	14	27	2
14	3	1965	3	49	4	19	43	34	36
21	3	1965	39	45	9	33	43	29	8
28	3	1965	13	37	36	9	34	16	45
4	4	1965	46	34	15	28	6	27	25
11	4	1965	26	4	16	23	2	30	11
19	4	1965	2	1	48	3	5	47	37
25	4	1965	22	42	14	30	1	27	9
2	5	1965	34	45	49	23	10	31	22
9	5	1965	37	36	31	29	49	4	48
16	5	1965	47	41	12	37	21	11	30
23	5	1965	45	23	2	39	31	27	25
30	5	1965	31	11	4	24	9	29	28
7	6	1965	38	33	1	15	29	5	24
13	6	1965	47	23	12	6	27	15	29
20	6	1965	21	20	32	3	29	16	23
27	6	1965	3	47	49	24	38	37	41
4	7	1965	8	12	19	17	21	25	10
11	7	1965	47	33	17	9	10	46	25
18	7	1965	46	38	7	9	25	15	11
25	7	1965	19	32	20	40	27	4	23
1	8	1965	13	31	44	8	41	17	34
8	8	1965	32	22	44	19	31	48	4
15	8	1965	32	48	3	5	12	25	35
22	8	1965	21	6	43	3	12	4	42
29	8	1965	38	44	39	2	16	17	35
4	9	1965	35	36	21	13	45	46	1
11	9	1965	37	25	19	31	13	21	8
18	9	1965	42	8	43	31	37	38	16
25	9	1965	4	15	8	44	48	17	1
2	10	1965	11	34	33	38	17	2	41
9	10	1965	24	12	22	32	15	34	45
16	10	1965	36	22	35	31	6	9	15
23	10	1965	32	44	2	15	24	39	30
30	10	1965	26	9	6	18	48	46	33
6	11	1965	2	5	23	47	40	18	15
13	11	1965	43	44	14	46	35	6	27
20	11	1965	17	36	6	48	20	45	30
27	11	1965	42	21	44	24	8	27	35
4	12	1965	1	14	12	13	48	33	22
11	12	1965	32	42	41	10	15	48	49
18	12	1965	11	48	23	20	33	29	47
25	12	1965	5	48	25	35	21	36	7
2	1	1966	47	30	6	24	20	39	2
9	1	1966	5	46	37	20	9	10	44
16	1	1966	28	8	40	19	39	36	42
23	1	1966	49	38	25	30	5	36	23
30	1	1966	47	8	5	39	29	32	7
6	2	1966	39	8	2	19	1	26	9
13	2	1966	42	46	34	33	19	41	47
20	2	1966	44	7	47	39	18	3	4
27	2	1966	34	29	9	24	30	45	41
6	3	1966	10	24	7	44	29	16	3
13	3	1966	46	28	30	44	34	29	9
20	3	1966	38	8	19	14	41	43	27
27	3	1966	40	5	30	22	27	44	18
3	4	1966	21	29	2	39	37	6	20
10	4	1966	41	15	28	26	39	25	21
17	4	1966	15	30	28	26	6	20	47
24	4	1966	26	40	36	19	42	41	47
1	5	1966	34	39	8	43	35	21	36
8	5	1966	8	19	31	39	1	4	21
15	5	1966	9	22	20	49	36	5	27
22	5	1966	45	35	49	17	30	5	41
29	5	1966	37	40	45	9	31	36	1
5	6	1966	31	8	23	45	4	48	39
12	6	1966	6	19	3	22	12	2	16
19	6	1966	4	20	45	5	33	27	17
26	6	1966	17	18	21	24	33	34	5
3	7	1966	19	38	46	28	33	36	21
10	7	1966	36	42	37	15	28	21	23
17	7	1966	39	11	22	41	49	43	3
24	7	1966	5	10	26	33	47	12	21
31	7	1966	37	32	41	12	10	4	24
7	8	1966	38	40	7	1	23	49	25
14	8	1966	34	27	3	40	24	23	26
21	8	1966	38	45	30	10	47	5	20
28	8	1966	40	18	25	12	48	5	16
4	9	1966	33	12	43	42	6	21	4
11	9	1966	34	16	28	27	49	21	45
18	9	1966	14	38	48	28	21	24	36
25	9	1966	1	44	14	26	16	35	20
2	10	1966	16	23	10	45	21	14	26
9	10	1966	34	13	28	33	31	35	30
16	10	1966	4	44	35	40	28	20	14
23	10	1966	42	13	6	17	44	1	48
30	10	1966	35	29	42	37	39	44	6
6	11	1966	46	25	42	11	18	43	26
13	11	1966	27	13	16	1	49	33	45
20	11	1966	45	8	27	29	22	18	17
27	11	1966	43	33	42	17	9	30	21
4	12	1966	12	5	41	17	10	11	32
11	12	1966	29	5	45	34	8	49	36
18	12	1966	21	40	38	18	39	41	26
25	12	1966	32	15	21	10	16	19	41
1	1	1967	2	43	20	33	40	41	10
8	1	1967	4	32	31	18	21	12	8
15	1	1967	47	6	5	2	22	7	43
22	1	1967	4	10	44	17	36	31	40
29	1	1967	39	6	35	7	21	18	29
5	2	1967	11	7	34	42	26	8	22
12	2	1967	22	47	45	29	25	3	18
19	2	1967	12	7	44	3	33	49	32
26	2	1967	42	27	3	22	32	16	7
5	3	1967	47	27	23	45	19	49	14
12	3	1967	9	19	36	39	5	42	46
19	3	1967	21	22	4	44	23	7	12
26	3	1967	48	7	20	42	29	27	12
2	4	1967	48	21	31	24	14	34	25
9	4	1967	2	18	26	45	43	1	22
16	4	1967	48	34	44	12	22	11	26
23	4	1967	6	12	49	29	18	16	38
30	4	1967	19	23	7	33	42	38	32
7	5	1967	18	44	30	41	8	2	29
14	5	1967	49	30	26	29	21	39	48
21	5	1967	43	5	34	20	29	18	38
28	5	1967	39	35	32	46	2	49	8
4	6	1967	42	2	20	37	18	3	8
11	6	1967	30	45	49	17	21	44	9
18	6	1967	23	40	48	43	37	7	2
25	6	1967	16	18	31	8	43	3	23
2	7	1967	45	1	20	13	30	34	3
9	7	1967	49	12	19	30	9	33	41
16	7	1967	7	49	22	24	1	32	41
23	7	1967	4	9	10	30	43	19	27
30	7	1967	40	32	41	3	2	30	46
6	8	1967	14	26	21	2	45	41	29
13	8	1967	8	9	3	38	34	13	32
20	8	1967	23	2	13	5	19	22	33
27	8	1967	40	38	13	21	22	48	34
3	9	1967	22	25	12	43	44	38	9
10	9	1967	36	7	35	16	15	32	1
17	9	1967	21	3	36	20	15	9	39
24	9	1967	36	26	43	3	19	45	13
1	10	1967	35	2	49	20	37	36	21
8	10	1967	14	1	42	19	32	29	31
15	10	1967	45	22	36	24	28	44	40
22	10	1967	22	26	1	20	23	15	10
29	10	1967	9	2	48	25	13	47	15
5	11	1967	39	40	6	11	21	9	4
12	11	1967	41	38	29	11	42	22	39
19	11	1967	19	2	46	9	38	28	29
26	11	1967	3	10	24	31	48	9	49
3	12	1967	46	13	33	6	41	17	22
10	12	1967	20	2	43	33	12	32	38
17	12	1967	27	8	6	21	36	30	15
24	12	1967	29	11	18	12	38	39	42
31	12	1967	11	26	44	30	41	14	2
7	1	1968	14	15	34	11	49	19	45
14	1	1968	43	29	14	30	18	39	3
21	1	1968	16	2	24	47	14	30	13
28	1	1968	19	27	28	8	5	40	25
4	2	1968	25	39	36	10	4	8	17
11	2	1968	23	11	44	34	6	48	3
18	2	1968	6	37	25	38	39	42	17
25	2	1968	17	30	38	7	12	24	49
3	3	1968	23	1	21	7	30	10	45
10	3	1968	44	21	2	40	22	31	24
17	3	1968	43	29	13	11	26	22	41
24	3	1968	18	15	11	28	5	41	22
31	3	1968	7	17	46	40	49	23	31
7	4	1968	35	39	47	16	48	32	22
14	4	1968	42	16	15	2	46	29	33
21	4	1968	47	31	13	38	32	2	12
28	4	1968	11	45	26	43	46	12	18
5	5	1968	15	32	9	7	33	10	2
12	5	1968	21	14	39	8	15	27	48
19	5	1968	1	18	39	41	26	32	37
26	5	1968	9	43	31	29	21	37	26
2	6	1968	21	47	40	48	43	34	25
9	6	1968	24	16	19	12	39	25	31
16	6	1968	20	36	12	33	41	46	37
23	6	1968	11	31	39	43	20	18	22
30	6	1968	41	46	47	28	43	25	15
7	7	1968	24	8	21	49	46	48	28
14	7	1968	19	17	41	31	8	11	20
21	7	1968	46	26	45	24	27	43	42
28	7	1968	32	29	2	9	11	35	12
4	8	1968	6	47	22	26	28	16	9
11	8	1968	32	3	28	40	49	14	8
18	8	1968	42	46	14	31	1	40	41
25	8	1968	9	12	45	25	28	26	44
1	9	1968	39	10	3	42	32	17	36
8	9	1968	35	33	40	36	8	6	12
15	9	1968	34	47	21	17	38	45	26
22	9	1968	26	29	28	11	14	5	25
29	9	1968	22	42	37	21	16	49	44
6	10	1968	13	24	35	19	20	3	22
13	10	1968	27	44	28	30	39	47	3
20	10	1968	12	39	40	29	10	17	2
27	10	1968	40	10	8	30	43	21	9
3	11	1968	25	9	4	8	16	22	35
10	11	1968	45	35	18	10	14	40	28
17	11	1968	41	19	28	2	23	17	31
24	11	1968	27	12	30	41	8	1	10
1	12	1968	39	44	28	36	48	31	2
8	12	1968	36	41	4	10	33	32	49
15	12	1968	48	39	30	40	4	5	2
22	12	1968	8	35	2	38	3	34	11
29	12	1968	2	37	26	17	18	16	31
5	1	1969	3	16	36	38	12	39	22
12	1	1969	20	2	39	40	15	33	42
19	1	1969	37	15	35	14	40	36	32
26	1	1969	38	40	9	49	10	5	33
2	2	1969	35	9	11	10	2	24	28
9	2	1969	24	22	42	33	5	38	49
16	2	1969	15	21	38	19	14	33	7
23	2	1969	20	45	26	27	40	37	29
2	3	1969	21	43	29	33	6	45	8
9	3	1969	42	36	48	41	9	21	39
16	3	1969	1	28	4	30	41	15	25
23	3	1969	9	49	45	11	41	32	5
30	3	1969	41	29	27	17	15	30	6
6	4	1969	35	46	32	16	27	25	28
13	4	1969	15	43	40	47	31	16	46
20	4	1969	43	9	19	8	24	34	10
27	4	1969	2	49	34	40	45	23	17
4	5	1969	25	48	18	26	1	46	40
11	5	1969	34	21	48	49	25	14	36
18	5	1969	3	10	48	46	27	13	33
25	5	1969	12	13	32	48	4	11	31
1	6	1969	29	17	26	47	43	40	7
8	6	1969	45	22	49	12	30	3	35
15	6	1969	24	2	48	18	36	15	17
22	6	1969	20	8	47	31	40	25	23
29	6	1969	3	17	46	11	20	41	19
6	7	1969	22	21	40	43	45	9	18
13	7	1969	26	20	10	22	1	40	18
20	7	1969	32	34	46	44	14	11	6
27	7	1969	26	13	21	48	49	44	30
3	8	1969	7	49	33	14	24	43	34
10	8	1969	22	8	5	49	25	31	16
17	8	1969	14	17	33	38	1	47	13
24	8	1969	33	40	36	23	10	6	47
31	8	1969	4	15	3	28	49	25	13
7	9	1969	40	12	11	36	33	39	31
14	9	1969	22	40	12	26	41	27	29
21	9	1969	5	38	9	18	24	25	30
28	9	1969	39	46	43	48	33	10	19
5	10	1969	29	11	15	3	21	37	2
12	10	1969	2	7	20	6	39	4	3
19	10	1969	8	27	17	14	36	45	1
26	10	1969	4	12	19	36	14	7	3
2	11	1969	32	10	19	28	7	38	11
9	11	1969	10	18	21	46	3	15	16
16	11	1969	4	12	18	42	38	21	41
23	11	1969	49	37	36	29	38	39	43
30	11	1969	32	1	6	23	29	38	25
7	12	1969	34	41	9	22	45	38	35
14	12	1969	10	31	45	44	39	7	19
21	12	1969	15	49	48	13	8	6	40
28	12	1969	29	35	12	49	9	3	17
4	1	1970	24	2	42	17	43	40	33
11	1	1970	13	21	40	43	22	25	32
18	1	1970	45	44	35	21	17	15	16
25	1	1970	48	5	45	2	24	16	10
1	2	1970	38	36	35	44	11	6	42
8	2	1970	41	44	38	3	24	19	39
15	2	1970	46	12	33	6	19	23	29
22	2	1970	31	3	29	14	49	6	38
1	3	1970	16	46	7	38	32	48	42
8	3	1970	14	38	36	25	24	23	30
15	3	1970	6	7	28	3	10	25	44
22	3	1970	38	22	44	28	21	5	6
29	3	1970	34	18	2	11	46	14	39
5	4	1970	38	5	17	29	39	28	11
12	4	1970	32	49	6	24	8	29	43
19	4	1970	36	12	4	17	35	7	20
26	4	1970	12	5	11	25	15	48	32
3	5	1970	12	48	44	14	24	18	46
10	5	1970	5	39	43	3	36	14	37
17	5	1970	39	32	3	5	6	38	41
24	5	1970	42	14	10	48	46	26	36
31	5	1970	33	19	44	46	39	24	49
7	6	1970	47	31	46	18	2	30	34
14	6	1970	1	19	27	2	49	9	26
21	6	1970	21	15	23	49	44	38	41
28	6	1970	19	13	10	29	30	4	37
5	7	1970	49	14	1	21	45	11	25
12	7	1970	30	35	44	48	41	9	36
19	7	1970	25	22	20	49	32	44	39
26	7	1970	22	37	40	16	24	2	38
2	8	1970	41	5	36	18	14	21	16
9	8	1970	27	18	3	17	49	16	25
16	8	1970	9	48	17	7	12	16	32
23	8	1970	1	32	17	49	43	44	7
30	8	1970	17	26	20	11	49	13	18
6	9	1970	7	48	30	24	45	10	43
13	9	1970	15	24	5	46	29	40	38
20	9	1970	46	4	34	41	27	29	33
27	9	1970	46	20	17	15	4	47	3
4	10	1970	47	49	20	3	22	35	23
11	10	1970	20	37	17	40	8	36	43
18	10	1970	39	34	7	44	2	43	22
25	10	1970	40	8	1	37	26	47	25
1	11	1970	19	11	38	21	18	2	7
8	11	1970	24	32	36	35	40	15	12
15	11	1970	2	42	40	1	37	21	15
22	11	1970	43	3	6	27	40	1	21
29	11	1970	12	42	49	16	28	14	34
6	12	1970	41	23	33	34	16	14	45
13	12	1970	10	14	34	27	7	42	15
20	12	1970	21	1	6	30	45	31	40
27	12	1970	17	7	8	20	26	2	31
3	1	1971	42	48	40	44	6	19	8
10	1	1971	8	48	16	45	41	26	5
17	1	1971	30	31	40	23	17	19	26
24	1	1971	2	13	6	38	27	24	41
31	1	1971	12	25	3	4	8	1	34
7	2	1971	49	8	2	37	30	40	3
14	2	1971	21	32	34	49	42	45	1
21	2	1971	24	43	26	39	17	49	42
28	2	1971	40	26	42	46	17	25	32
7	3	1971	40	48	15	45	3	36	19
14	3	1971	20	33	3	42	25	4	22
21	3	1971	31	19	17	18	8	41	44
28	3	1971	3	20	36	41	13	27	4
4	4	1971	46	32	30	2	14	44	16
11	4	1971	14	37	36	35	21	26	33
18	4	1971	38	37	22	46	48	4	47
25	4	1971	12	4	20	16	43	19	14
2	5	1971	39	25	18	2	28	12	6
9	5	1971	13	40	35	16	22	21	47
16	5	1971	44	9	36	25	7	46	26
23	5	1971	6	21	46	11	43	16	23
30	5	1971	6	48	34	22	35	49	25
6	6	1971	39	43	5	4	20	1	25
13	6	1971	44	41	17	2	5	38	29
20	6	1971	16	15	17	1	31	27	13
27	6	1971	19	16	30	13	45	46	25
4	7	1971	41	21	9	49	7	29	42
11	7	1971	21	4	36	41	34	37	20
18	7	1971	30	5	42	3	9	38	25
25	7	1971	48	33	47	49	28	46	36
1	8	1971	31	3	28	40	37	12	30
8	8	1971	36	17	16	39	14	2	3
15	8	1971	17	35	19	28	12	18	11
22	8	1971	12	33	25	4	28	49	42
29	8	1971	36	47	44	13	26	10	4
5	9	1971	31	10	25	1	19	34	6
12	9	1971	18	1	25	8	2	24	33
19	9	1971	16	48	37	32	7	49	46
26	9	1971	25	11	37	34	10	22	9
3	10	1971	7	1	22	32	20	37	23
10	10	1971	45	6	17	34	1	3	33
17	10	1971	41	30	21	13	31	10	8
24	10	1971	11	8	5	46	45	32	2
31	10	1971	42	48	26	3	22	16	33
7	11	1971	43	20	5	28	45	39	16
14	11	1971	49	6	31	34	42	44	19
21	11	1971	26	24	29	43	8	28	31
28	11	1971	30	36	31	20	35	26	49
5	12	1971	16	46	1	4	43	48	35
12	12	1971	27	32	41	42	47	45	49
19	12	1971	39	1	43	2	47	49	12
26	12	1971	30	49	7	10	6	40	44
2	1	1972	19	12	26	21	9	47	24
9	1	1972	29	14	42	3	34	6	26
16	1	1972	21	6	38	48	35	22	34
23	1	1972	35	34	2	21	41	31	29
30	1	1972	1	48	39	49	11	46	24
6	2	1972	44	33	25	22	2	9	21
13	2	1972	28	14	31	38	30	21	49
20	2	1972	48	11	41	38	19	4	5
27	2	1972	41	9	40	2	21	23	30
5	3	1972	20	36	27	33	23	41	15
12	3	1972	19	14	1	21	23	36	29
19	3	1972	1	41	9	24	15	23	34
26	3	1972	26	34	43	17	32	22	30
2	4	1972	23	26	14	19	33	29	46
9	4	1972	14	39	24	8	37	4	7
16	4	1972	25	42	14	17	47	18	29
23	4	1972	6	41	26	49	27	32	2
30	4	1972	34	25	8	28	39	13	20
7	5	1972	43	17	2	15	21	45	27
14	5	1972	19	49	15	18	20	42	34
21	5	1972	23	17	33	32	31	40	3
28	5	1972	37	11	7	10	48	17	33
4	6	1972	16	29	27	5	9	18	14
11	6	1972	29	47	19	20	7	3	14
18	6	1972	2	27	34	36	14	30	21
25	6	1972	29	16	28	33	37	42	34
2	7	1972	24	27	3	1	19	4	20
9	7	1972	18	1	6	3	28	7	8
16	7	1972	35	40	27	13	46	15	18
23	7	1972	12	41	42	28	21	33	7
30	7	1972	3	2	38	40	19	12	25
6	8	1972	26	15	29	49	47	39	9
13	8	1972	20	5	30	23	48	41	11
20	8	1972	29	10	7	25	16	23	3
27	8	1972	6	46	42	23	41	47	27
3	9	1972	30	40	8	27	46	49	5
10	9	1972	37	20	46	38	23	45	3
17	9	1972	43	25	17	42	39	34	26
24	9	1972	40	1	4	11	24	5	2
1	10	1972	9	31	13	25	44	24	10
8	10	1972	49	39	28	43	14	19	26
15	10	1972	17	38	30	3	16	4	24
22	10	1972	19	5	28	46	45	18	16
29	10	1972	18	23	47	16	38	29	1
5	11	1972	22	32	9	17	21	33	38
12	11	1972	27	3	11	36	42	6	40
19	11	1972	45	35	46	27	10	43	39
26	11	1972	39	2	21	47	42	29	37
3	12	1972	12	25	40	11	2	14	8
10	12	1972	28	42	31	7	18	15	29
17	12	1972	36	31	49	38	23	40	21
24	12	1972	25	23	10	29	26	49	1
31	12	1972	19	49	12	30	26	8	6
7	1	1973	13	17	15	44	7	46	9
14	1	1973	41	19	4	7	29	8	13
21	1	1973	3	17	35	33	23	6	38
28	1	1973	1	17	42	9	6	20	10
4	2	1973	26	48	5	24	16	35	28
11	2	1973	13	46	1	37	26	5	11
18	2	1973	43	33	48	4	13	3	44
25	2	1973	8	32	20	33	49	43	46
4	3	1973	19	27	3	31	24	14	44
11	3	1973	49	34	39	21	20	42	30
18	3	1973	21	8	13	29	26	9	20
25	3	1973	39	6	22	34	20	10	23
1	4	1973	25	30	1	43	39	26	23
8	4	1973	11	40	43	22	28	37	30
15	4	1973	48	37	28	19	25	17	30
22	4	1973	47	1	42	48	34	3	44
29	4	1973	26	31	1	45	12	28	35
6	5	1973	31	3	21	46	22	23	10
13	5	1973	1	18	23	38	30	8	44
20	5	1973	46	25	28	14	11	30	37
27	5	1973	25	33	22	43	48	8	15
3	6	1973	15	25	18	48	36	10	35
10	6	1973	9	7	18	40	32	26	14
17	6	1973	9	46	17	6	23	28	39
24	6	1973	13	11	35	16	30	48	45
1	7	1973	26	37	6	27	38	12	5
8	7	1973	43	6	4	24	23	1	17
15	7	1973	18	7	26	31	39	13	42
22	7	1973	24	21	31	30	46	20	2
29	7	1973	41	22	11	28	49	16	5
5	8	1973	31	20	18	43	3	49	5
12	8	1973	17	10	16	42	30	39	3
19	8	1973	39	44	12	35	36	38	9
26	8	1973	5	4	31	35	45	1	33
2	9	1973	45	25	34	9	8	26	14
9	9	1973	46	11	24	39	3	21	10
16	9	1973	49	22	47	19	37	39	10
23	9	1973	40	20	18	2	9	24	1
30	9	1973	35	41	45	29	34	7	43
7	10	1973	36	1	48	23	31	24	18
14	10	1973	46	19	39	37	6	34	42
21	10	1973	8	25	33	31	15	32	28
28	10	1973	15	33	9	40	21	20	14
4	11	1973	17	27	11	45	34	20	46
11	11	1973	19	33	31	17	49	3	38
18	11	1973	41	7	39	48	11	2	46
25	11	1973	24	40	42	39	1	25	33
2	12	1973	20	30	43	33	5	37	31
9	12	1973	21	32	3	16	39	34	5
16	12	1973	33	32	4	31	39	36	46
23	12	1973	31	11	24	25	1	45	38
30	12	1973	20	32	21	24	25	2	12
6	1	1974	17	38	8	37	31	22	47
13	1	1974	22	37	13	15	28	48	18
20	1	1974	44	4	41	29	21	15	24
27	1	1974	12	26	44	35	7	14	11
2	2	1974	1	20	38	12	39	30	34
9	2	1974	14	10	17	32	19	31	26
16	2	1974	26	46	2	3	33	25	31
23	2	1974	8	41	7	3	20	15	32
2	3	1974	49	22	17	8	3	2	13
9	3	1974	30	40	38	32	20	39	42
16	3	1974	31	8	26	7	5	40	44
23	3	1974	45	12	18	17	13	32	15
30	3	1974	37	4	7	24	20	47	44
6	4	1974	21	24	48	29	4	22	45
13	4	1974	39	7	49	32	1	47	38
20	4	1974	41	42	47	45	30	23	1
27	4	1974	27	31	24	26	45	38	42
4	5	1974	12	26	3	45	33	6	29
11	5	1974	19	6	26	44	45	15	30
18	5	1974	41	48	43	37	36	20	21
25	5	1974	48	29	11	35	28	10	37
1	6	1974	41	16	38	48	6	44	49
8	6	1974	36	25	27	21	22	16	38
15	6	1974	24	39	20	4	16	3	49
22	6	1974	20	8	33	5	30	49	25
29	6	1974	13	37	49	30	43	28	1
6	7	1974	1	40	36	2	5	21	49
13	7	1974	35	2	25	26	22	7	33
20	7	1974	2	26	33	41	1	27	11
27	7	1974	20	39	29	31	19	27	48
3	8	1974	12	45	2	16	29	21	15
10	8	1974	10	7	42	19	4	12	20
17	8	1974	47	31	30	27	36	38	48
24	8	1974	36	45	6	12	21	47	28
31	8	1974	31	17	11	44	14	30	4
7	9	1974	3	8	22	27	15	23	16
14	9	1974	13	32	3	26	37	24	28
21	9	1974	17	37	31	39	12	36	3
28	9	1974	46	4	6	3	23	16	15
5	10	1974	16	24	44	49	35	3	34
12	10	1974	22	5	1	28	27	24	16
19	10	1974	31	33	21	15	22	13	30
26	10	1974	46	31	20	12	48	42	1
2	11	1974	45	38	9	35	6	39	28
9	11	1974	32	27	47	2	45	29	35
16	11	1974	22	46	48	43	28	29	36
23	11	1974	41	42	12	32	27	28	15
30	11	1974	40	29	32	8	22	19	4
7	12	1974	14	27	32	22	10	49	16
14	12	1974	48	6	14	9	42	45	24
21	12	1974	47	20	10	22	17	9	6
28	12	1974	42	23	6	22	7	46	40
4	1	1975	41	24	28	3	40	45	7
11	1	1975	13	38	43	1	42	37	35
18	1	1975	33	14	4	1	27	30	7
25	1	1975	23	42	1	32	48	6	3
1	2	1975	26	18	33	36	20	47	28
8	2	1975	7	47	27	30	37	25	20
15	2	1975	49	40	18	34	28	4	10
22	2	1975	1	38	33	4	20	14	23
1	3	1975	38	49	32	12	19	3	21
8	3	1975	23	20	8	2	49	41	34
15	3	1975	42	21	32	18	7	23	27
22	3	1975	24	12	15	47	49	11	16
29	3	1975	29	9	4	7	16	26	2
5	4	1975	10	5	13	16	31	22	38
12	4	1975	45	10	12	40	35	19	16
19	4	1975	33	39	19	1	4	38	36
26	4	1975	27	35	7	37	33	18	9
3	5	1975	23	31	6	34	40	25	35
10	5	1975	27	7	33	14	23	36	45
17	5	1975	10	11	35	46	9	27	15
24	5	1975	17	28	30	43	12	25	48
31	5	1975	38	43	12	31	10	49	18
7	6	1975	31	18	35	22	45	33	16
14	6	1975	39	31	12	7	24	30	20
21	6	1975	31	26	35	25	38	19	46
28	6	1975	1	3	13	11	44	9	47
5	7	1975	3	38	25	29	30	9	32
12	7	1975	26	15	17	29	42	9	39
19	7	1975	47	4	2	13	49	26	28
26	7	1975	48	28	36	40	39	3	6
2	8	1975	36	49	28	19	48	17	35
9	8	1975	33	25	38	15	9	49	3
16	8	1975	17	2	32	45	3	46	5
23	8	1975	31	43	27	32	7	3	21
30	8	1975	8	38	32	39	27	12	49
6	9	1975	7	16	32	46	13	40	45
13	9	1975	35	42	2	19	18	5	13
20	9	1975	44	32	4	12	30	14	1
27	9	1975	16	17	33	40	26	31	10
4	10	1975	35	18	15	7	41	44	6
11	10	1975	8	1	43	10	45	6	19
18	10	1975	30	17	47	40	32	37	46
25	10	1975	32	8	38	40	27	21	30
1	11	1975	3	32	27	34	33	16	25
8	11	1975	12	44	35	39	11	4	28
15	11	1975	13	44	16	7	26	46	8
22	11	1975	16	4	5	44	18	24	7
29	11	1975	19	14	20	43	2	32	40
6	12	1975	22	8	14	36	2	5	28
13	12	1975	39	35	31	37	46	29	45
20	12	1975	37	3	23	7	44	25	19
27	12	1975	13	45	25	2	35	46	47
3	1	1976	21	25	9	37	44	11	40
10	1	1976	28	39	16	11	3	49	13
17	1	1976	9	47	46	10	41	29	36
24	1	1976	22	6	45	38	41	13	37
31	1	1976	24	4	29	43	34	32	14
7	2	1976	3	1	7	41	32	46	40
14	2	1976	13	30	11	18	15	10	16
21	2	1976	17	23	20	9	24	31	29
28	2	1976	30	8	44	32	48	40	15
6	3	1976	10	1	26	38	46	13	23
13	3	1976	12	45	41	1	9	30	14
20	3	1976	32	26	29	43	8	4	39
27	3	1976	29	44	17	25	23	42	20
3	4	1976	40	2	41	13	11	10	33
10	4	1976	21	48	8	12	15	5	18
17	4	1976	41	42	23	36	20	1	33
24	4	1976	21	41	5	46	23	19	30
1	5	1976	29	26	48	45	42	20	6
8	5	1976	28	9	10	1	49	46	44
15	5	1976	45	5	43	2	22	44	4
22	5	1976	37	17	48	43	9	18	42
29	5	1976	12	15	32	17	41	25	8
5	6	1976	20	6	1	45	46	33	24
12	6	1976	5	11	47	29	13	35	34
19	6	1976	23	41	34	7	2	47	18
26	6	1976	24	25	20	35	7	19	5
3	7	1976	15	3	47	17	32	14	35
10	7	1976	6	32	15	33	12	5	48
17	7	1976	38	46	26	9	5	12	40
24	7	1976	25	5	20	26	41	27	38
31	7	1976	43	31	26	44	42	28	40
7	8	1976	40	35	16	33	21	5	4
14	8	1976	2	39	6	30	16	26	7
21	8	1976	11	7	37	26	19	20	29
28	8	1976	8	43	4	6	9	29	49
4	9	1976	17	19	6	30	28	16	36
11	9	1976	49	12	9	20	37	11	2
18	9	1976	32	40	6	24	3	11	10
25	9	1976	46	32	44	28	23	9	1
2	10	1976	39	3	48	16	37	47	28
9	10	1976	19	35	24	39	6	9	16
16	10	1976	47	2	33	1	23	34	16
23	10	1976	15	40	30	38	8	22	5
30	10	1976	38	2	43	7	47	16	15
6	11	1976	3	30	15	8	17	10	14
13	11	1976	45	25	17	8	2	11	48
20	11	1976	7	36	14	49	29	25	37
27	11	1976	18	13	40	43	35	3	49
4	12	1976	38	29	6	35	47	3	11
11	12	1976	32	2	44	15	1	28	7
18	12	1976	23	46	38	2	45	25	24
25	12	1976	16	44	12	43	38	25	27
1	1	1977	23	31	24	25	39	36	42
8	1	1977	31	13	33	7	2	30	1
15	1	1977	16	44	39	38	46	24	10
22	1	1977	16	12	38	3	19	2	42
29	1	1977	2	40	20	9	7	16	24
5	2	1977	23	8	42	37	4	9	16
12	2	1977	23	43	19	25	24	37	7
19	2	1977	31	9	5	16	15	10	35
26	2	1977	34	49	37	2	44	20	13
5	3	1977	40	34	49	9	39	10	6
12	3	1977	9	10	33	46	16	8	19
19	3	1977	31	49	15	19	21	22	25
26	3	1977	36	13	20	14	9	44	34
2	4	1977	18	47	5	3	17	34	30
9	4	1977	49	41	29	3	27	45	43
16	4	1977	48	5	25	20	49	39	47
23	4	1977	43	16	17	26	30	41	32
30	4	1977	8	15	1	27	12	34	39
7	5	1977	5	16	24	20	35	17	41
14	5	1977	31	36	37	25	15	41	22
21	5	1977	7	27	21	5	36	9	10
28	5	1977	12	13	22	39	48	45	38
4	6	1977	11	32	48	36	30	29	2
11	6	1977	32	12	46	40	14	3	19
18	6	1977	29	17	20	40	9	18	42
25	6	1977	20	41	38	6	32	40	45
2	7	1977	34	11	47	18	20	27	23
9	7	1977	3	30	36	7	19	24	13
16	7	1977	44	39	47	49	37	2	30
23	7	1977	24	37	6	13	22	42	7
30	7	1977	40	24	36	15	11	42	4
6	8	1977	36	37	42	28	15	2	18
13	8	1977	21	20	30	9	10	34	7
20	8	1977	13	37	16	19	27	32	35
27	8	1977	22	7	9	3	14	35	48
3	9	1977	29	24	28	21	3	36	34
10	9	1977	40	23	3	44	25	48	49
17	9	1977	1	32	22	40	33	37	8
24	9	1977	13	12	18	10	32	11	14
1	10	1977	45	18	2	47	42	27	9
8	10	1977	24	45	26	44	12	7	43
15	10	1977	43	47	8	36	32	38	37
22	10	1977	48	3	6	26	2	1	11
29	10	1977	28	34	49	31	35	8	5
5	11	1977	19	17	42	26	43	10	2
12	11	1977	18	29	33	16	48	34	49
19	11	1977	35	21	43	36	19	47	13
26	11	1977	42	5	47	30	27	46	16
3	12	1977	13	26	47	25	23	16	43
10	12	1977	7	27	24	34	31	44	19
17	12	1977	12	1	35	41	26	7	10
24	12	1977	23	18	8	25	38	42	49
31	12	1977	29	44	18	4	14	15	8
7	1	1978	38	29	47	5	21	43	17
14	1	1978	34	10	25	36	18	26	2
21	1	1978	17	1	4	33	31	49	19
28	1	1978	18	9	38	8	29	46	32
4	2	1978	37	25	17	43	2	26	3
11	2	1978	2	23	14	41	8	40	15
18	2	1978	23	29	25	3	35	36	40
25	2	1978	1	3	4	39	41	43	34
4	3	1978	35	49	34	7	47	11	46
11	3	1978	16	4	41	1	44	9	32
18	3	1978	10	29	23	6	20	45	40
25	3	1978	16	6	31	45	9	13	27
1	4	1978	28	47	23	48	15	25	16
8	4	1978	16	3	5	9	41	34	19
15	4	1978	42	34	43	26	32	21	14
22	4	1978	35	46	42	3	26	16	47
29	4	1978	7	35	46	37	1	18	19
6	5	1978	8	2	19	22	30	7	23
13	5	1978	44	45	30	31	17	15	8
20	5	1978	35	43	33	39	32	26	42
27	5	1978	3	26	32	48	24	5	6
3	6	1978	7	36	34	33	22	45	41
10	6	1978	23	31	30	18	48	8	44
17	6	1978	43	32	16	10	26	29	12
24	6	1978	24	36	21	33	43	28	10
1	7	1978	38	32	14	40	44	16	45
8	7	1978	41	8	31	14	17	2	24
15	7	1978	4	5	28	11	6	10	12
22	7	1978	47	39	44	17	49	48	8
29	7	1978	49	29	11	23	20	27	40
5	8	1978	33	31	4	45	11	23	16
12	8	1978	33	34	2	20	16	15	3
19	8	1978	17	4	42	36	35	7	49
26	8	1978	3	26	31	21	40	46	19
2	9	1978	26	40	43	19	42	36	24
9	9	1978	2	20	38	14	8	23	21
16	9	1978	38	14	33	35	15	4	46
23	9	1978	4	3	8	32	5	49	33
30	9	1978	37	15	4	32	42	5	43
7	10	1978	38	20	6	49	46	26	19
14	10	1978	35	34	8	13	32	22	27
21	10	1978	30	2	7	29	11	15	22
28	10	1978	13	43	32	16	7	40	31
4	11	1978	18	31	13	45	49	46	8
11	11	1978	38	21	8	5	35	40	33
18	11	1978	3	18	24	43	40	23	39
25	11	1978	35	49	22	25	21	10	30
2	12	1978	3	22	31	1	37	39	36
9	12	1978	47	24	18	39	38	35	44
16	12	1978	46	32	19	18	28	13	45
23	12	1978	32	15	21	30	48	12	28
30	12	1978	35	38	27	46	6	11	7
6	1	1979	37	39	41	43	8	10	36
13	1	1979	8	9	12	16	45	5	42
20	1	1979	32	6	43	11	20	1	24
27	1	1979	26	38	33	2	31	20	35
3	2	1979	29	23	48	33	5	18	46
10	2	1979	39	14	27	19	1	2	41
17	2	1979	32	19	21	47	5	17	3
24	2	1979	14	41	42	23	24	9	6
3	3	1979	32	24	17	42	1	44	41
10	3	1979	21	39	43	25	41	42	31
17	3	1979	45	16	27	49	21	38	7
24	3	1979	42	39	11	4	8	7	12
31	3	1979	9	16	26	7	5	43	19
7	4	1979	27	16	12	45	15	20	10
14	4	1979	25	11	26	21	41	7	36
21	4	1979	23	18	24	45	35	6	32
28	4	1979	38	33	41	6	20	37	17
5	5	1979	35	30	16	45	44	6	29
12	5	1979	32	4	46	2	10	35	49
19	5	1979	32	15	18	48	49	39	5
26	5	1979	33	7	41	23	21	45	27
2	6	1979	48	20	47	14	30	43	5
9	6	1979	17	34	30	35	25	41	39
16	6	1979	25	33	13	15	34	17	16
23	6	1979	30	40	41	17	43	1	20
30	6	1979	37	40	33	46	47	9	1
7	7	1979	8	43	37	18	35	16	9
14	7	1979	6	16	2	7	39	44	40
21	7	1979	32	48	46	27	43	45	18
28	7	1979	40	37	27	29	48	4	33
4	8	1979	42	24	20	2	31	48	3
11	8	1979	30	2	22	9	26	5	49
18	8	1979	43	31	28	49	44	45	14
25	8	1979	20	42	40	48	14	17	34
1	9	1979	27	5	38	19	24	28	8
8	9	1979	10	2	40	16	21	12	45
15	9	1979	37	20	5	7	4	32	10
22	9	1979	39	7	42	10	21	36	4
29	9	1979	23	29	44	11	12	15	48
6	10	1979	18	4	19	17	42	16	2
13	10	1979	11	43	45	22	26	18	4
20	10	1979	22	38	34	25	23	24	10
27	10	1979	12	17	1	20	38	19	46
3	11	1979	10	37	14	29	9	48	22
10	11	1979	49	1	2	41	36	22	18
17	11	1979	40	5	14	22	36	1	13
24	11	1979	26	14	6	5	16	11	10
1	12	1979	28	32	15	34	40	8	6
8	12	1979	15	28	22	14	23	20	24
15	12	1979	14	26	3	43	45	31	49
22	12	1979	23	5	46	16	35	8	36
29	12	1979	7	35	26	48	8	9	28
5	1	1980	35	16	19	11	18	5	23
12	1	1980	49	28	31	30	23	19	3
19	1	1980	30	31	39	3	1	18	15
26	1	1980	18	49	2	27	45	25	11
2	2	1980	27	13	44	21	26	47	23
9	2	1980	37	29	36	8	16	17	13
16	2	1980	5	33	35	1	37	30	26
23	2	1980	26	1	49	43	21	13	48
1	3	1980	40	48	39	28	21	16	35
8	3	1980	14	43	40	35	15	46	38
15	3	1980	41	1	33	43	5	9	10
22	3	1980	19	30	33	14	11	27	10
29	3	1980	40	19	27	16	42	43	31
5	4	1980	36	34	32	14	41	17	29
12	4	1980	13	21	20	19	3	15	2
19	4	1980	10	3	41	11	25	24	13
26	4	1980	13	11	49	42	5	39	19
3	5	1980	9	19	47	18	10	27	41
10	5	1980	14	21	46	17	43	26	37
17	5	1980	21	33	16	2	36	26	43
24	5	1980	38	1	11	14	33	5	47
31	5	1980	33	17	48	2	3	25	38
7	6	1980	45	7	28	43	42	10	47
14	6	1980	47	41	42	28	45	9	14
21	6	1980	11	29	41	20	25	47	36
28	6	1980	24	13	10	3	44	5	19
5	7	1980	32	16	13	26	15	25	31
12	7	1980	1	31	25	11	4	15	13
19	7	1980	32	40	43	21	28	15	7
26	7	1980	49	20	29	44	11	38	16
2	8	1980	39	8	34	41	47	3	1
9	8	1980	34	19	46	29	32	27	45
16	8	1980	8	23	21	22	42	43	31
23	8	1980	17	38	16	4	42	28	35
30	8	1980	6	28	35	11	14	25	26
6	9	1980	36	47	23	25	42	12	15
13	9	1980	34	37	12	41	19	11	27
20	9	1980	32	2	12	6	43	23	27
27	9	1980	21	22	45	33	13	48	40
4	10	1980	10	37	12	46	30	29	34
11	10	1980	35	18	31	28	22	49	1
18	10	1980	31	48	17	8	4	37	11
25	10	1980	40	8	23	21	5	7	27
1	11	1980	26	27	32	22	19	21	13
8	11	1980	15	36	12	16	30	13	41
15	11	1980	21	16	9	25	44	1	37
22	11	1980	30	5	45	21	26	31	47
29	11	1980	25	2	38	10	30	41	27
6	12	1980	14	12	42	38	49	36	6
13	12	1980	18	49	8	33	4	47	13
20	12	1980	6	40	33	32	3	8	25
27	12	1980	43	16	27	4	21	14	37
3	1	1981	19	40	12	6	22	31	28
10	1	1981	27	41	45	32	20	29	21
17	1	1981	34	28	46	23	38	29	30
24	1	1981	10	1	39	37	21	45	22
31	1	1981	11	24	42	12	31	48	43
7	2	1981	31	4	48	47	34	12	46
14	2	1981	34	33	20	45	17	22	25
21	2	1981	44	33	4	46	48	18	21
28	2	1981	22	20	7	26	9	29	30
7	3	1981	7	35	30	2	42	34	33
14	3	1981	8	48	27	21	11	10	20
21	3	1981	3	27	31	9	2	21	4
28	3	1981	23	18	36	15	6	47	14
4	4	1981	11	17	28	8	33	19	45
11	4	1981	37	27	39	19	2	28	47
18	4	1981	37	49	28	42	6	46	3
25	4	1981	14	2	27	43	26	47	41
2	5	1981	40	49	23	7	44	21	1
9	5	1981	27	6	29	32	18	5	43
16	5	1981	35	16	9	27	25	39	38
23	5	1981	30	48	41	35	25	44	37
30	5	1981	5	49	22	38	41	7	35
6	6	1981	33	45	13	29	12	18	31
13	6	1981	10	6	18	29	15	20	13
20	6	1981	34	43	36	10	7	23	2
27	6	1981	21	5	47	35	26	30	40
4	7	1981	35	7	11	48	30	29	21
11	7	1981	4	44	7	9	34	40	45
18	7	1981	15	46	25	7	32	23	45
25	7	1981	49	38	1	3	37	42	24
1	8	1981	48	1	18	5	14	16	35
8	8	1981	4	48	11	42	9	7	10
15	8	1981	17	35	21	24	32	23	26
22	8	1981	15	41	34	42	25	30	46
29	8	1981	2	36	12	34	48	14	4
5	9	1981	25	27	45	49	28	34	19
12	9	1981	30	33	15	1	34	2	29
19	9	1981	36	37	16	20	33	1	27
26	9	1981	33	8	4	30	45	48	15
3	10	1981	42	32	19	21	36	4	17
10	10	1981	38	48	18	33	15	11	29
17	10	1981	37	11	18	40	17	5	42
24	10	1981	3	49	38	37	43	10	39
31	10	1981	10	27	12	17	32	24	25
7	11	1981	37	10	1	26	20	2	42
14	11	1981	31	7	35	46	5	20	10
21	11	1981	14	46	17	45	35	25	24
28	11	1981	4	31	21	15	18	10	43
5	12	1981	47	42	17	23	28	48	44
12	12	1981	40	25	44	14	35	30	42
19	12	1981	23	47	30	22	21	1	10
26	12	1981	6	49	11	19	4	20	34
2	1	1982	2	34	15	24	37	21	14
9	1	1982	46	26	33	44	22	28	32
16	1	1982	19	48	34	21	25	8	36
23	1	1982	8	27	26	39	45	12	7
30	1	1982	31	19	24	14	23	25	5
6	2	1982	14	47	7	41	40	1	38
13	2	1982	39	21	30	28	4	36	13
20	2	1982	17	2	33	12	49	16	32
27	2	1982	47	46	24	8	32	11	27
6	3	1982	24	27	36	31	28	35	17
13	3	1982	25	48	9	41	28	11	35
20	3	1982	14	36	48	7	10	40	8
27	3	1982	47	41	38	25	27	39	11
3	4	1982	26	32	48	42	6	37	40
10	4	1982	5	42	41	21	26	18	25
17	4	1982	13	35	39	6	23	37	28
24	4	1982	38	5	42	35	22	12	31
1	5	1982	3	13	19	40	17	22	33
8	5	1982	24	33	12	39	18	5	4
15	5	1982	14	32	31	38	7	18	12
22	5	1982	10	37	22	17	38	14	48
29	5	1982	33	10	23	4	3	12	47
5	6	1982	3	21	13	27	11	5	29
12	6	1982	12	37	3	20	33	1	44
19	6	1982	1	22	6	2	11	48	26
26	6	1982	7	11	14	21	13	35	40
3	7	1982	16	7	1	37	39	13	17
10	7	1982	46	14	29	1	12	21	47
17	7	1982	39	21	28	27	37	44	14
24	7	1982	5	31	13	26	33	38	1
31	7	1982	18	28	19	34	38	21	33
7	8	1982	49	41	38	2	14	46	47
14	8	1982	17	24	2	37	28	8	14
21	8	1982	6	34	39	35	17	21	36
28	8	1982	41	16	11	28	4	27	19
4	9	1982	28	10	30	35	34	1	33
11	9	1982	1	42	16	31	20	4	24
18	9	1982	21	7	48	6	25	33	2
25	9	1982	26	42	48	10	16	44	22
2	10	1982	3	33	47	5	37	20	4
9	10	1982	18	2	38	36	34	44	37
16	10	1982	47	40	28	2	19	25	35
23	10	1982	45	15	3	27	10	42	16
30	10	1982	38	23	44	9	22	14	35
6	11	1982	35	11	10	25	20	47	32
13	11	1982	20	39	19	27	9	30	46
20	11	1982	48	13	28	29	32	6	49
27	11	1982	22	36	2	45	17	13	14
4	12	1982	27	3	46	30	44	38	8
11	12	1982	27	18	15	33	35	31	21
18	12	1982	46	17	24	36	11	25	41
25	12	1982	20	22	16	21	10	44	39
1	1	1983	48	7	29	12	6	9	16
8	1	1983	5	16	41	20	6	28	26
15	1	1983	4	34	37	24	2	42	38
22	1	1983	38	4	10	1	48	9	44
29	1	1983	10	43	19	6	47	30	14
5	2	1983	38	47	2	19	44	43	14
12	2	1983	17	44	13	33	6	19	26
19	2	1983	12	39	22	26	29	3	23
26	2	1983	36	5	17	13	44	48	32
5	3	1983	18	39	37	26	20	27	7
12	3	1983	1	32	44	31	15	29	7
19	3	1983	37	48	22	34	9	45	19
26	3	1983	42	1	27	26	11	7	19
2	4	1983	46	15	39	4	5	32	31
9	4	1983	40	8	35	42	18	46	27
16	4	1983	6	44	10	32	12	15	4
23	4	1983	30	12	34	39	32	4	22
30	4	1983	38	47	33	2	39	18	20
7	5	1983	6	9	21	49	44	38	40
14	5	1983	44	5	43	13	20	42	22
21	5	1983	32	1	35	2	23	20	21
28	5	1983	9	43	24	11	17	35	10
4	6	1983	9	44	1	35	15	38	18
11	6	1983	46	40	8	38	26	36	18
18	6	1983	48	2	27	16	37	21	36
25	6	1983	5	33	4	48	32	31	27
2	7	1983	24	34	8	27	2	14	17
9	7	1983	32	11	44	26	21	33	42
16	7	1983	37	39	46	8	48	41	10
23	7	1983	3	16	48	44	27	46	9
30	7	1983	49	38	25	41	42	8	12
6	8	1983	47	15	45	32	31	14	11
13	8	1983	41	47	18	49	3	9	44
20	8	1983	49	36	29	8	47	10	17
27	8	1983	18	3	41	47	27	19	29
3	9	1983	24	4	37	17	35	13	32
10	9	1983	31	41	46	27	45	6	10
17	9	1983	25	34	8	49	41	2	6
24	9	1983	23	30	13	7	11	19	35
1	10	1983	1	16	20	33	11	15	34
8	10	1983	27	33	20	47	3	19	22
15	10	1983	7	9	12	46	20	33	21
22	10	1983	30	21	13	6	1	37	5
29	10	1983	46	44	19	29	21	9	31
5	11	1983	47	24	30	13	15	43	7
12	11	1983	27	2	23	30	46	48	40
19	11	1983	16	2	3	40	11	38	4
26	11	1983	2	30	26	17	33	16	20
3	12	1983	49	33	9	42	37	15	30
10	12	1983	28	43	38	20	19	3	23
17	12	1983	7	36	11	8	15	1	25
24	12	1983	31	32	47	40	15	17	46
31	12	1983	45	17	27	21	9	2	44
7	1	1984	22	40	19	46	6	41	33
14	1	1984	33	32	10	23	27	15	17
21	1	1984	24	28	46	3	7	16	18
28	1	1984	31	12	22	7	25	3	23
4	2	1984	37	32	39	44	10	36	25
11	2	1984	49	33	38	15	2	14	8
18	2	1984	41	46	19	3	39	7	29
25	2	1984	1	31	30	22	6	36	14
3	3	1984	32	21	44	25	45	28	1
10	3	1984	28	13	42	9	32	47	19
17	3	1984	45	47	6	24	32	22	4
24	3	1984	15	17	44	6	35	23	29
31	3	1984	31	21	43	8	13	14	40
7	4	1984	43	5	32	48	29	11	13
14	4	1984	20	16	21	1	47	32	3
21	4	1984	37	36	24	30	26	9	49
28	4	1984	18	12	5	37	47	33	8
5	5	1984	7	35	6	40	1	2	37
12	5	1984	47	24	23	26	4	31	17
19	5	1984	13	38	32	17	29	11	30
26	5	1984	35	1	27	21	41	34	10
2	6	1984	23	32	36	8	43	10	48
9	6	1984	41	14	7	1	5	45	15
16	6	1984	39	36	27	47	22	37	31
23	6	1984	25	36	22	35	6	2	7
30	6	1984	43	30	22	6	10	4	26
7	7	1984	46	18	10	48	35	26	31
14	7	1984	40	20	33	47	3	10	36
21	7	1984	16	10	4	35	14	46	34
28	7	1984	18	8	16	5	47	21	17
4	8	1984	37	31	39	12	29	45	11
11	8	1984	11	15	38	49	22	19	35
18	8	1984	1	17	41	25	4	6	29
25	8	1984	3	11	33	5	42	13	16
1	9	1984	40	48	47	5	22	11	4
8	9	1984	4	38	40	28	43	2	5
15	9	1984	31	48	21	7	42	5	8
22	9	1984	38	5	48	12	14	44	7
29	9	1984	5	23	46	32	9	12	13
6	10	1984	47	36	15	34	29	12	5
13	10	1984	20	40	45	14	1	22	23
20	10	1984	9	16	44	7	38	49	22
27	10	1984	33	34	32	19	40	49	42
3	11	1984	4	42	30	33	10	13	24
10	11	1984	11	36	19	12	21	49	37
17	11	1984	7	19	9	10	43	45	15
24	11	1984	13	21	48	17	10	46	39
1	12	1984	33	17	23	42	40	37	24
8	12	1984	36	37	6	3	49	38	17
15	12	1984	26	29	39	49	36	2	40
22	12	1984	18	15	17	24	44	31	14
29	12	1984	43	23	7	20	13	17	36
5	1	1985	21	34	27	10	40	37	32
12	1	1985	39	11	1	38	14	37	22
19	1	1985	49	48	21	44	41	40	29
26	1	1985	38	39	29	34	1	20	35
2	2	1985	10	42	17	43	16	31	7
9	2	1985	6	15	27	7	34	20	36
16	2	1985	8	17	2	11	19	39	7
23	2	1985	32	33	29	14	5	23	31
2	3	1985	14	47	40	6	1	24	15
9	3	1985	13	46	30	5	1	41	49
16	3	1985	42	7	34	5	46	1	11
23	3	1985	37	12	22	5	23	33	18
30	3	1985	36	48	17	30	16	14	32
6	4	1985	42	46	17	47	14	45	30
13	4	1985	26	6	22	19	35	36	48
20	4	1985	40	28	19	13	34	22	25
27	4	1985	43	26	20	10	18	46	14
4	5	1985	39	6	13	18	38	3	17
11	5	1985	32	3	4	16	22	11	33
18	5	1985	45	44	38	27	29	1	8
25	5	1985	33	37	49	28	17	32	45
1	6	1985	30	22	41	24	14	45	46
8	6	1985	45	23	47	30	12	28	32
15	6	1985	16	46	6	7	48	24	30
22	6	1985	9	7	49	29	46	42	5
29	6	1985	8	4	15	39	36	5	45
6	7	1985	10	4	11	20	15	25	46
13	7	1985	3	32	42	10	31	2	43
20	7	1985	2	15	30	22	16	35	7
27	7	1985	20	33	39	26	40	4	10
3	8	1985	38	1	21	30	23	2	10
10	8	1985	13	29	39	22	46	20	4
17	8	1985	5	9	18	19	11	48	13
24	8	1985	30	2	42	26	38	24	37
31	8	1985	1	21	3	24	13	49	4
7	9	1985	18	3	7	43	38	26	8
14	9	1985	35	14	34	7	33	45	40
21	9	1985	24	19	38	12	9	37	2
28	9	1985	34	5	48	3	7	16	32
5	10	1985	38	45	37	30	31	48	9
12	10	1985	35	15	12	49	10	34	7
19	10	1985	13	19	43	25	15	38	20
26	10	1985	28	38	39	15	46	44	4
2	11	1985	42	24	9	34	2	5	15
9	11	1985	3	14	20	36	19	46	24
16	11	1985	1	48	10	15	11	38	49
23	11	1985	39	8	31	48	38	15	24
30	11	1985	22	48	3	30	36	15	7
7	12	1985	23	28	48	33	6	12	41
14	12	1985	17	19	20	8	29	23	3
21	12	1985	36	44	37	7	9	17	12
28	12	1985	37	35	14	1	49	30	23
4	1	1986	46	31	32	8	43	33	27
11	1	1986	31	7	10	38	8	32	13
18	1	1986	3	36	41	28	19	29	44
25	1	1986	24	20	31	27	45	48	46
1	2	1986	6	3	37	43	42	33	39
8	2	1986	30	31	29	49	48	11	39
15	2	1986	17	33	29	48	44	14	43
22	2	1986	41	27	48	10	18	6	17
1	3	1986	42	24	41	11	26	13	34
8	3	1986	43	33	5	37	17	14	32
15	3	1986	42	23	28	35	20	36	45
22	3	1986	5	44	26	19	18	6	34
29	3	1986	3	29	41	45	31	6	33
5	4	1986	45	49	27	24	21	1	31
12	4	1986	47	11	46	24	19	42	6
19	4	1986	21	24	1	23	44	36	42
26	4	1986	33	44	24	35	49	3	34
3	5	1986	8	33	49	15	38	37	18
10	5	1986	37	14	41	42	3	8	23
17	5	1986	5	22	49	36	12	23	18
24	5	1986	5	26	42	12	18	39	20
31	5	1986	12	49	31	30	15	6	9
7	6	1986	13	27	38	14	3	39	41
14	6	1986	18	22	17	28	5	47	36
21	6	1986	49	32	29	10	21	27	46
28	6	1986	3	40	31	45	1	37	48
5	7	1986	2	6	18	15	27	5	33
12	7	1986	10	23	40	34	30	22	24
19	7	1986	6	28	18	45	4	29	5
26	7	1986	27	29	28	22	16	8	34
2	8	1986	6	44	33	47	35	32	40
9	8	1986	8	38	17	43	14	34	47
16	8	1986	28	49	31	2	3	42	23
23	8	1986	32	34	18	23	26	45	7
30	8	1986	1	19	48	32	39	37	35
6	9	1986	31	49	16	37	15	32	10
13	9	1986	6	28	14	16	23	10	17
20	9	1986	8	38	23	35	3	13	7
27	9	1986	17	47	27	39	49	20	11
4	10	1986	9	4	35	20	21	25	49
11	10	1986	22	27	26	7	17	35	44
18	10	1986	5	25	31	30	38	41	49
25	10	1986	14	42	19	44	10	46	31
1	11	1986	15	20	34	41	17	11	23
8	11	1986	8	3	5	23	48	43	44
15	11	1986	23	28	16	45	26	46	38
22	11	1986	12	17	6	16	11	27	2
29	11	1986	18	2	5	25	6	29	35
6	12	1986	9	33	31	5	14	28	43
13	12	1986	15	13	35	10	1	45	44
20	12	1986	15	25	48	27	42	30	2
27	12	1986	28	25	21	15	7	34	2
3	1	1987	7	30	40	10	4	21	23
10	1	1987	24	10	31	49	47	6	1
17	1	1987	31	45	39	29	40	19	10
24	1	1987	16	2	32	39	27	46	22
31	1	1987	40	42	38	49	7	19	29
7	2	1987	26	37	9	1	10	23	48
14	2	1987	31	30	13	44	42	15	17
21	2	1987	24	33	3	47	10	46	12
28	2	1987	31	23	20	43	4	5	44
7	3	1987	29	48	6	18	40	49	38
14	3	1987	15	28	33	32	34	14	17
21	3	1987	49	41	39	14	22	10	31
28	3	1987	18	10	42	41	13	43	33
4	4	1987	47	27	16	49	18	13	9
11	4	1987	15	49	1	14	9	22	23
18	4	1987	37	27	30	4	44	12	2
25	4	1987	36	16	45	38	8	18	21
2	5	1987	37	22	33	7	21	39	25
9	5	1987	23	14	12	30	19	2	38
16	5	1987	47	19	16	42	39	15	2
23	5	1987	26	45	21	3	8	11	19
30	5	1987	44	27	41	7	12	5	4
6	6	1987	36	15	10	26	22	23	41
13	6	1987	15	16	20	27	19	13	3
20	6	1987	24	15	40	27	20	4	39
27	6	1987	25	33	26	20	40	31	12
4	7	1987	27	42	29	1	6	17	2
11	7	1987	4	23	14	2	16	22	47
18	7	1987	25	3	43	38	42	33	14
25	7	1987	46	1	20	45	6	7	44
1	8	1987	48	33	1	43	49	46	4
8	8	1987	19	9	45	23	49	38	31
15	8	1987	31	17	21	11	28	23	44
22	8	1987	32	34	22	40	1	8	16
29	8	1987	25	36	9	35	1	46	30
5	9	1987	28	11	47	27	41	7	29
12	9	1987	45	1	40	21	41	5	26
19	9	1987	20	41	18	32	43	24	19
26	9	1987	45	33	8	19	43	12	35
3	10	1987	35	42	48	46	16	47	49
10	10	1987	17	15	41	46	49	11	33
17	10	1987	7	3	33	12	27	4	37
24	10	1987	48	33	20	11	18	19	36
31	10	1987	9	46	39	37	48	20	2
7	11	1987	21	22	23	14	25	42	6
14	11	1987	30	6	23	19	36	45	17
21	11	1987	20	31	38	23	25	18	41
28	11	1987	44	16	10	11	9	35	42
5	12	1987	34	42	17	22	6	4	27
12	12	1987	14	41	16	19	25	2	40
19	12	1987	38	21	31	32	29	46	37
26	12	1987	12	41	31	18	9	38	34
2	1	1988	25	45	19	32	22	12	6
9	1	1988	30	26	37	1	10	31	11
16	1	1988	44	37	6	17	36	42	18
23	1	1988	30	26	31	25	32	24	33
30	1	1988	37	7	27	49	40	44	25
6	2	1988	11	35	7	45	41	14	33
13	2	1988	19	36	21	45	2	6	13
20	2	1988	44	11	39	2	22	4	10
27	2	1988	22	10	44	45	27	31	4
5	3	1988	43	33	12	27	47	34	25
12	3	1988	11	46	18	9	36	30	15
19	3	1988	32	11	30	12	39	14	45
26	3	1988	10	11	47	38	28	43	17
2	4	1988	43	33	6	38	19	3	46
9	4	1988	12	49	15	22	42	35	43
16	4	1988	9	30	42	26	16	35	44
23	4	1988	33	44	43	12	10	40	25
30	4	1988	31	8	12	29	15	40	7
7	5	1988	5	19	20	40	47	2	31
14	5	1988	22	41	7	46	4	26	47
21	5	1988	41	3	19	20	15	40	13
28	5	1988	2	10	42	34	44	23	46
4	6	1988	20	22	18	40	19	35	44
11	6	1988	35	29	26	41	31	36	13
18	6	1988	37	1	10	44	47	43	48
25	6	1988	26	11	7	47	36	30	24
2	7	1988	19	29	38	39	4	11	14
9	7	1988	19	18	42	8	29	37	26
16	7	1988	41	45	3	23	30	28	13
23	7	1988	46	12	27	3	42	7	19
30	7	1988	40	4	49	7	25	39	43
6	8	1988	23	38	6	41	4	29	10
13	8	1988	44	16	2	37	9	14	6
20	8	1988	22	36	43	48	47	26	18
27	8	1988	17	9	21	28	22	32	31
3	9	1988	17	23	1	3	8	30	10
10	9	1988	20	28	15	5	14	45	13
17	9	1988	19	38	43	34	20	22	48
24	9	1988	21	47	23	3	27	25	26
1	10	1988	8	5	34	28	11	19	20
8	10	1988	8	39	3	13	9	15	30
15	10	1988	43	32	4	49	14	21	37
22	10	1988	9	30	4	29	41	24	3
29	10	1988	20	47	12	27	34	36	24
5	11	1988	17	21	15	34	10	38	46
12	11	1988	26	22	27	29	37	33	40
19	11	1988	24	29	44	32	5	37	11
26	11	1988	11	46	10	28	24	20	4
3	12	1988	42	9	11	45	47	31	43
10	12	1988	29	26	15	38	42	9	16
17	12	1988	48	34	47	49	39	35	32
24	12	1988	1	25	16	4	48	31	2
31	12	1988	49	33	24	12	41	8	23
7	1	1989	26	6	2	32	45	13	49
14	1	1989	35	7	23	12	6	36	49
21	1	1989	40	16	13	12	17	26	47
28	1	1989	17	5	37	49	1	9	18
4	2	1989	19	11	25	27	43	37	47
11	2	1989	43	40	14	41	44	36	49
18	2	1989	38	45	16	37	29	1	26
25	2	1989	16	41	42	21	9	12	17
4	3	1989	14	17	33	18	35	41	30
11	3	1989	20	42	49	43	44	19	41
18	3	1989	22	10	38	5	7	6	41
25	3	1989	44	38	48	19	37	39	41
1	4	1989	35	10	18	32	28	38	5
8	4	1989	6	43	31	24	12	48	22
15	4	1989	41	2	42	33	3	7	24
22	4	1989	31	4	22	34	9	16	12
29	4	1989	22	42	19	7	5	48	12
6	5	1989	25	12	4	43	16	11	1
13	5	1989	26	18	24	5	17	41	3
20	5	1989	36	9	6	47	35	5	33
27	5	1989	21	8	29	17	25	4	40
3	6	1989	27	7	23	19	22	17	45
10	6	1989	6	10	16	8	21	34	45
17	6	1989	41	40	4	32	12	8	7
24	6	1989	42	46	38	16	4	14	36
1	7	1989	21	24	16	19	44	4	48
8	7	1989	2	7	36	3	25	4	6
15	7	1989	38	15	5	24	17	49	12
22	7	1989	12	26	31	43	13	28	34
29	7	1989	3	12	30	32	15	2	33
5	8	1989	42	47	20	38	9	11	16
12	8	1989	11	37	17	47	16	8	32
19	8	1989	14	13	29	27	11	18	40
26	8	1989	1	46	22	40	20	13	14
2	9	1989	25	39	26	2	19	21	29
9	9	1989	42	46	39	26	13	47	34
16	9	1989	38	43	23	21	47	9	33
23	9	1989	6	39	12	45	7	32	33
30	9	1989	35	29	17	10	4	28	8
7	10	1989	4	8	49	2	40	23	11
14	10	1989	37	9	3	35	27	5	23
21	10	1989	8	20	4	36	13	21	17
28	10	1989	21	34	24	3	25	32	17
4	11	1989	27	37	32	9	47	44	45
11	11	1989	48	20	4	26	29	32	17
18	11	1989	33	36	32	2	27	3	40
25	11	1989	42	46	21	7	5	8	30
2	12	1989	46	27	47	23	19	48	29
9	12	1989	2	46	37	15	24	33	6
16	12	1989	31	26	33	28	3	18	46
23	12	1989	9	38	28	7	39	23	36
30	12	1989	49	16	44	46	15	2	27
6	1	1990	44	45	48	12	46	30	2
13	1	1990	37	33	12	6	42	15	9
20	1	1990	8	42	40	1	17	18	10
27	1	1990	12	10	42	6	9	37	44
3	2	1990	29	46	48	42	35	20	45
10	2	1990	49	46	10	20	21	38	7
17	2	1990	7	25	1	49	32	15	5
24	2	1990	12	17	14	27	8	46	6
3	3	1990	45	42	43	17	4	11	27
10	3	1990	12	39	24	4	29	21	42
17	3	1990	7	36	48	34	46	4	41
24	3	1990	43	49	14	8	33	38	11
31	3	1990	3	7	10	9	32	6	8
7	4	1990	42	3	49	12	31	26	15
14	4	1990	4	28	9	34	23	24	42
21	4	1990	26	13	38	18	25	3	36
28	4	1990	20	47	5	17	43	19	3
5	5	1990	20	7	8	23	35	42	43
12	5	1990	19	21	3	4	41	29	16
19	5	1990	3	25	14	6	41	40	39
26	5	1990	46	49	1	12	22	18	15
2	6	1990	11	49	35	34	1	26	14
9	6	1990	36	9	28	3	37	32	20
16	6	1990	17	39	6	18	26	35	3
23	6	1990	36	40	1	44	19	25	48
30	6	1990	28	2	4	35	5	27	47
7	7	1990	43	20	48	42	10	4	33
14	7	1990	37	34	18	2	10	22	32
21	7	1990	20	27	34	43	24	47	41
28	7	1990	37	49	28	3	24	23	45
4	8	1990	30	10	25	29	14	12	38
11	8	1990	36	25	7	21	29	5	6
18	8	1990	37	35	1	17	48	4	3
25	8	1990	16	17	33	40	41	35	36
1	9	1990	20	11	34	39	24	9	1
8	9	1990	29	19	35	22	9	7	18
15	9	1990	24	2	32	21	26	42	43
22	9	1990	38	3	17	2	21	46	22
29	9	1990	22	47	31	37	16	46	34
6	10	1990	1	27	31	7	41	32	35
13	10	1990	13	9	46	40	22	11	39
20	10	1990	43	46	15	24	34	25	18
27	10	1990	25	5	11	26	19	23	27
3	11	1990	33	27	42	49	3	25	21
10	11	1990	12	42	3	37	18	24	38
17	11	1990	49	34	25	17	14	15	41
24	11	1990	15	30	24	43	46	32	5
1	12	1990	33	36	2	47	6	18	43
8	12	1990	34	13	49	42	18	6	15
15	12	1990	40	43	26	7	8	37	9
22	12	1990	40	37	19	3	25	24	5
29	12	1990	13	18	32	5	29	35	37
5	1	1991	17	47	23	5	8	40	20
12	1	1991	2	15	22	39	41	37	46
19	1	1991	8	16	10	2	5	6	41
26	1	1991	47	9	19	34	26	43	25
2	2	1991	33	15	49	43	5	48	4
9	2	1991	34	49	4	31	38	8	20
16	2	1991	11	42	37	5	44	38	39
23	2	1991	5	33	30	15	6	19	31
2	3	1991	2	33	36	6	40	4	31
9	3	1991	21	13	27	16	43	22	39
16	3	1991	49	20	36	24	3	5	28
23	3	1991	37	24	18	49	31	43	45
30	3	1991	5	42	20	4	47	49	15
6	4	1991	11	26	49	27	20	38	46
13	4	1991	31	26	33	10	23	47	3
20	4	1991	17	49	38	10	12	37	14
27	4	1991	46	35	34	24	14	43	8
4	5	1991	19	30	35	21	36	43	40
11	5	1991	22	10	7	44	28	31	8
18	5	1991	46	16	4	21	22	36	47
25	5	1991	38	1	42	40	20	41	14
1	6	1991	40	11	9	13	7	32	30
8	6	1991	4	28	36	16	22	30	5
15	6	1991	34	28	26	1	48	25	6
22	6	1991	32	42	39	3	21	48	2
29	6	1991	5	4	27	47	24	42	45
6	7	1991	3	41	5	10	13	38	27
13	7	1991	19	1	15	31	32	43	26
20	7	1991	1	33	4	26	47	22	44
27	7	1991	12	46	39	41	5	37	45
3	8	1991	48	2	27	31	40	38	11
10	8	1991	23	10	41	22	25	7	40
17	8	1991	8	47	7	29	10	39	40
24	8	1991	31	26	36	41	32	7	21
31	8	1991	40	9	7	32	38	28	34
7	9	1991	32	44	49	48	34	45	4
14	9	1991	33	35	37	40	24	32	15
21	9	1991	18	9	19	46	40	17	22
28	9	1991	18	3	12	23	35	43	39
5	10	1991	23	17	16	12	31	36	32
12	10	1991	9	14	13	21	8	41	30
19	10	1991	24	39	38	4	34	33	11
26	10	1991	17	41	25	4	8	2	1
2	11	1991	4	24	45	23	32	18	31
9	11	1991	26	9	18	2	14	21	13
16	11	1991	32	31	2	8	43	29	39
23	11	1991	26	11	40	36	3	9	16
30	11	1991	15	6	12	28	16	48	29
7	12	1991	6	49	16	42	41	17	45	7
14	12	1991	37	43	1	44	39	47	42	4
21	12	1991	49	32	30	45	12	8	4	9
28	12	1991	46	17	43	45	35	36	44	1
4	1	1992	27	11	18	16	32	39	41	0
11	1	1992	45	39	1	3	21	18	49	6
18	1	1992	4	32	9	48	31	14	5	3
25	1	1992	31	40	20	41	22	47	29	7
1	2	1992	14	35	47	30	22	16	12	9
8	2	1992	41	16	25	40	6	37	18	8
15	2	1992	41	32	48	17	35	4	37	2
22	2	1992	46	4	3	39	40	11	6	0
29	2	1992	30	11	19	27	13	25	5	6
7	3	1992	42	9	31	15	28	43	4	1
14	3	1992	45	36	2	18	16	46	42	6
21	3	1992	19	21	20	47	14	35	3	1
28	3	1992	1	42	36	37	5	21	43	4
4	4	1992	1	5	27	3	17	30	47	9
11	4	1992	11	29	49	37	14	31	30	1
18	4	1992	49	10	41	40	24	31	12	6
25	4	1992	22	25	39	5	4	15	12	0
2	5	1992	29	39	2	46	5	22	38	7
9	5	1992	19	32	3	4	15	41	46	9
16	5	1992	7	44	17	1	28	49	2	4
23	5	1992	9	21	38	36	26	29	6	5
30	5	1992	21	33	19	32	8	36	6	2
6	6	1992	36	11	26	29	24	6	13	6
13	6	1992	43	17	2	35	23	46	44	1
20	6	1992	27	41	2	46	28	44	25	9
27	6	1992	14	19	42	3	15	24	37	5
4	7	1992	39	16	32	12	35	28	7	2
11	7	1992	24	5	19	1	48	16	18	5
18	7	1992	36	37	25	20	8	30	38	1
25	7	1992	48	1	5	45	35	18	22	9
1	8	1992	15	10	6	25	41	17	47	1
8	8	1992	10	5	26	25	9	45	12	7
15	8	1992	11	43	14	35	37	12	5	5
22	8	1992	5	45	39	32	40	36	46	4
29	8	1992	25	47	49	10	41	12	9	0
5	9	1992	12	32	8	38	35	30	33	1
12	9	1992	14	25	19	20	33	15	16	1
19	9	1992	5	42	46	3	35	24	48	4
26	9	1992	18	28	12	19	37	13	43	7
3	10	1992	8	7	18	19	32	49	36	9
10	10	1992	33	41	42	11	22	12	13	4
17	10	1992	26	39	16	24	45	28	8	4
24	10	1992	7	45	18	22	5	16	24	9
31	10	1992	5	46	24	34	14	48	40	8
7	11	1992	19	28	27	12	48	15	13	5
14	11	1992	46	17	18	48	19	34	31	1
21	11	1992	15	3	43	33	38	28	40	9
28	11	1992	40	34	7	38	18	49	8	4
5	12	1992	45	28	4	12	5	17	25	5
12	12	1992	9	5	12	19	28	21	40	5
19	12	1992	10	5	11	8	18	31	3	0
26	12	1992	15	17	43	39	2	7	16	8
2	1	1993	1	16	15	21	24	32	17	0
9	1	1993	30	22	11	7	42	1	5	5
16	1	1993	3	18	25	11	10	1	9	8
23	1	1993	21	14	18	29	45	2	48	6
30	1	1993	42	30	8	18	15	9	47	4
6	2	1993	6	42	25	20	32	4	26	0
13	2	1993	11	18	6	24	19	39	40	7
20	2	1993	36	24	49	10	9	23	7	4
27	2	1993	22	14	4	38	7	9	31	1
6	3	1993	17	30	12	18	32	6	25	2
13	3	1993	37	10	34	41	40	7	23	6
20	3	1993	21	12	49	44	34	10	9	2
27	3	1993	6	8	4	31	10	15	45	7
3	4	1993	44	26	16	46	22	9	7	2
10	4	1993	30	49	44	5	28	24	9	6
17	4	1993	36	27	32	18	23	22	39	0
24	4	1993	34	49	26	15	18	17	3	2
1	5	1993	34	6	30	13	2	1	5	8
8	5	1993	12	37	44	31	21	9	6	9
15	5	1993	8	48	31	30	26	22	25	3
22	5	1993	42	6	1	29	28	7	38	4
29	5	1993	29	14	40	24	26	30	13	4
5	6	1993	25	33	5	43	20	41	35	9
12	6	1993	43	22	10	34	18	35	20	6
19	6	1993	24	37	30	33	8	7	27	7
26	6	1993	49	41	11	14	6	8	40	4
3	7	1993	3	27	29	32	36	18	40	4
10	7	1993	41	17	15	40	27	26	29	3
17	7	1993	13	4	11	15	46	47	38	8
24	7	1993	32	6	46	25	18	41	36	6
31	7	1993	2	3	21	22	44	6	4	3
7	8	1993	20	25	17	46	41	13	15	4
14	8	1993	44	20	35	15	38	17	3	8
21	8	1993	44	31	6	8	29	9	41	8
28	8	1993	20	14	5	26	41	30	34	5
4	9	1993	26	19	2	25	39	14	31	8
11	9	1993	1	26	44	8	27	29	2	1
18	9	1993	23	47	5	22	14	37	15	8
25	9	1993	40	24	36	12	32	42	31	1
2	10	1993	6	34	39	30	25	27	33	6
9	10	1993	34	49	5	27	35	37	30	0
16	10	1993	6	14	20	34	46	12	29	5
23	10	1993	45	12	31	36	47	25	13	6
30	10	1993	28	27	20	18	12	1	7	5
6	11	1993	19	48	29	39	49	42	8	9
13	11	1993	21	3	46	38	1	26	42	2
20	11	1993	10	37	21	4	31	35	19	4
27	11	1993	24	6	5	22	8	2	39	5
4	12	1993	24	9	39	29	49	26	23	0
11	12	1993	36	33	30	9	48	27	35	5
18	12	1993	36	30	39	18	47	2	25	6
25	12	1993	18	34	32	22	29	44	38	3
1	1	1994	38	15	49	42	41	5	30	9
8	1	1994	43	10	32	35	19	13	37	5
15	1	1994	32	22	39	43	41	13	47	0
22	1	1994	30	13	3	17	44	37	16	4
29	1	1994	48	10	37	20	28	46	21	9
5	2	1994	5	10	34	29	18	21	6	9
12	2	1994	40	16	17	2	34	39	35	3
19	2	1994	12	31	2	39	15	24	4	7
26	2	1994	44	7	39	9	48	31	30	4
5	3	1994	46	32	4	49	11	7	23	2
12	3	1994	42	37	29	46	7	19	32	5
19	3	1994	14	24	32	42	36	11	43	0
26	3	1994	44	40	27	4	25	33	30	9
2	4	1994	37	49	19	48	21	32	43	6
9	4	1994	39	47	37	3	25	9	27	0
16	4	1994	6	17	21	46	1	24	34	4
23	4	1994	35	11	16	44	17	41	5	2
30	4	1994	17	44	36	2	29	14	48	8
7	5	1994	6	47	8	16	33	20	10	2
14	5	1994	39	11	8	4	17	38	35	1
21	5	1994	17	39	47	44	26	6	11	2
28	5	1994	19	2	38	49	16	46	44	6
4	6	1994	46	27	32	25	15	48	31	0
11	6	1994	9	29	49	16	4	39	8	8
18	6	1994	26	20	45	13	42	44	33	6
25	6	1994	10	1	2	35	30	29	14	7
2	7	1994	25	8	35	22	49	3	10	2
9	7	1994	17	36	28	27	18	25	45	4
16	7	1994	2	22	15	28	24	35	14	0
23	7	1994	5	45	7	48	20	40	10	3
30	7	1994	42	49	18	35	40	20	39	3
6	8	1994	20	42	39	27	44	7	33	7
13	8	1994	40	16	17	43	26	3	27	7
20	8	1994	41	4	33	36	40	27	18	3
27	8	1994	9	24	38	10	5	8	6	9
3	9	1994	30	17	16	5	42	24	39	5
10	9	1994	42	18	34	3	45	37	1	7
17	9	1994	37	27	15	48	41	14	40	2
24	9	1994	47	23	44	6	7	16	17	4
1	10	1994	38	1	32	8	28	9	3	6
8	10	1994	3	44	12	35	36	48	38	2
15	10	1994	5	7	41	18	22	38	13	1
22	10	1994	46	19	45	31	27	22	47	8
29	10	1994	15	13	33	23	29	7	8	4
5	11	1994	9	22	24	6	30	33	41	4
12	11	1994	41	29	31	19	36	48	33	7
19	11	1994	4	47	46	3	6	18	24	3
26	11	1994	13	28	10	3	23	14	9	1
3	12	1994	48	32	27	36	3	23	5	1
10	12	1994	5	13	43	3	8	2	21	1
17	12	1994	35	37	19	24	38	36	21	5
24	12	1994	1	13	43	16	30	6	37	9
31	12	1994	37	15	41	32	7	26	44	8
7	1	1995	2	48	12	47	41	19	26	5
14	1	1995	8	45	42	40	28	23	14	8
21	1	1995	44	27	21	12	41	18	29	6
28	1	1995	17	33	49	45	39	37	26	9
4	2	1995	8	2	4	31	6	44	36	5
11	2	1995	41	13	11	38	42	35	8	0
18	2	1995	9	1	38	12	24	31	28	1
25	2	1995	47	37	3	34	26	6	41	1
4	3	1995	36	37	49	41	47	27	42	6
11	3	1995	4	31	25	21	26	18	5	6
18	3	1995	13	33	7	43	8	32	40	0
25	3	1995	5	43	32	28	13	10	35	3
1	4	1995	4	11	33	48	32	20	30	2
8	4	1995	24	32	49	36	15	13	26	5
15	4	1995	38	10	33	23	45	26	6	6
22	4	1995	25	22	20	26	33	37	31	6
29	4	1995	13	21	31	4	25	26	46	8
6	5	1995	27	39	2	31	18	38	29	2
13	5	1995	34	16	28	30	48	1	7	3
20	5	1995	16	39	20	12	41	6	46	0
27	5	1995	28	1	13	25	30	18	32	0
3	6	1995	11	29	10	26	32	45	6	1
10	6	1995	18	3	20	21	40	30	9	0
17	6	1995	11	40	42	14	48	25	27	1
24	6	1995	30	28	33	3	37	7	45	0
1	7	1995	23	47	29	44	28	2	9	8
8	7	1995	21	44	24	22	10	9	43	0
15	7	1995	44	3	46	5	34	25	16	9
22	7	1995	12	47	32	26	13	16	33	1
29	7	1995	41	45	12	43	11	39	18	5
5	8	1995	47	9	23	17	36	5	2	6
12	8	1995	49	20	48	26	44	13	37	3
19	8	1995	32	36	23	49	42	4	37	3
26	8	1995	20	13	27	17	48	33	23	5
2	9	1995	11	37	6	25	32	42	30	2
9	9	1995	7	23	16	41	37	42	1	9
16	9	1995	40	29	19	43	21	37	15	7
23	9	1995	40	28	38	24	27	20	1	4
30	9	1995	14	11	15	25	6	46	12	2
7	10	1995	37	3	9	18	39	10	4	4
14	10	1995	31	5	42	21	47	3	32	4
21	10	1995	37	15	10	32	39	36	18	1
28	10	1995	11	13	36	2	40	20	14	8
4	11	1995	33	44	29	37	18	23	4	0
11	11	1995	21	38	33	24	15	39	40	9
18	11	1995	1	43	32	23	13	25	28	9
25	11	1995	42	32	49	44	39	48	23	0
2	12	1995	37	39	2	25	16	26	34	4
9	12	1995	12	39	2	38	9	15	20	6
16	12	1995	33	21	47	39	28	13	18	3
23	12	1995	44	47	35	6	20	7	42	8
30	12	1995	24	8	49	32	21	43	9	6
6	1	1996	14	3	6	22	32	19	29	4
13	1	1996	29	7	3	42	20	26	32	1
20	1	1996	25	43	9	42	17	8	34	8
27	1	1996	49	36	33	21	10	3	8	4
3	2	1996	38	5	40	13	20	25	49	4
10	2	1996	36	48	41	34	47	26	9	7
17	2	1996	20	43	4	1	30	47	41	5
24	2	1996	23	4	31	29	43	37	8	6
2	3	1996	9	38	35	3	34	20	28	0
9	3	1996	3	19	24	38	14	18	6	3
16	3	1996	15	35	12	17	36	25	41	9
23	3	1996	24	46	7	31	35	25	12	0
30	3	1996	45	8	35	12	2	20	16	4
6	4	1996	44	43	19	30	24	41	32	9
13	4	1996	11	10	9	7	23	18	44	4
20	4	1996	3	32	11	36	28	13	14	3
27	4	1996	2	42	38	27	28	25	3	3
4	5	1996	10	42	21	11	6	48	32	4
11	5	1996	41	49	18	4	6	39	34	9
18	5	1996	17	48	6	44	35	29	15	5
25	5	1996	6	28	27	18	36	21	4	6
1	6	1996	43	47	29	8	23	27	31	2
8	6	1996	16	12	28	20	41	8	22	3
15	6	1996	32	37	36	30	15	33	40	5
22	6	1996	17	12	34	11	23	41	37	0
29	6	1996	11	2	26	47	1	3	35	3
6	7	1996	33	9	15	18	11	46	10	1
13	7	1996	40	37	10	41	33	28	18	2
20	7	1996	13	48	47	33	45	18	6	3
27	7	1996	6	2	13	26	32	34	16	7
3	8	1996	43	23	39	45	2	37	7	9
10	8	1996	17	23	2	19	38	47	15	5
17	8	1996	3	17	5	47	37	49	46	5
24	8	1996	46	49	18	1	34	29	35	1
31	8	1996	39	30	8	34	35	29	41	5
7	9	1996	45	16	8	14	30	29	38	2
14	9	1996	16	43	14	7	3	45	20	1
21	9	1996	49	8	44	5	15	40	27	8
28	9	1996	43	2	48	7	24	16	12	8
5	10	1996	3	7	34	24	1	43	42	2
12	10	1996	4	37	23	35	17	24	18	2
19	10	1996	6	25	32	22	24	10	47	7
26	10	1996	21	35	24	20	3	42	15	9
2	11	1996	10	32	47	36	20	9	4	2
9	11	1996	16	4	48	18	28	7	3	2
16	11	1996	26	21	20	2	36	23	42	5
23	11	1996	20	44	23	38	36	39	43	9
30	11	1996	5	4	39	24	30	32	31	9
7	12	1996	42	27	8	10	2	14	4	3
14	12	1996	33	44	22	35	6	41	24	2
21	12	1996	11	49	13	32	10	39	1	3
28	12	1996	4	49	44	18	46	32	45	4
4	1	1997	48	6	10	31	44	46	17	2
11	1	1997	35	33	28	29	3	40	11	1
18	1	1997	19	44	36	28	47	10	32	1
25	1	1997	36	1	11	29	7	14	17	2
1	2	1997	22	26	39	31	10	24	28	5
8	2	1997	10	33	26	49	15	5	19	1
15	2	1997	27	47	38	34	16	30	46	1
22	2	1997	15	30	8	39	2	27	29	1
1	3	1997	20	5	7	44	22	13	24	0
8	3	1997	3	43	31	49	46	9	33	0
15	3	1997	7	31	2	8	41	27	32	0
22	3	1997	32	15	8	6	31	11	45	3
29	3	1997	28	26	23	18	44	49	35	9
5	4	1997	38	26	33	27	46	40	8	7
12	4	1997	18	7	36	13	22	26	10	2
19	4	1997	24	41	46	25	26	2	16	9
26	4	1997	27	14	9	36	24	33	28	7
3	5	1997	13	3	21	14	31	15	2	6
10	5	1997	47	19	11	1	49	8	37	8
17	5	1997	3	49	35	4	29	38	16	8
24	5	1997	46	26	14	23	6	8	22	0
31	5	1997	32	2	26	10	15	37	8	2
7	6	1997	47	4	41	45	9	14	3	4
14	6	1997	9	16	37	44	29	17	5	4
21	6	1997	27	43	15	18	29	2	17	0
28	6	1997	13	30	29	27	47	4	38	1
5	7	1997	36	14	26	3	46	23	38	6
12	7	1997	15	47	29	6	30	38	34	1
19	7	1997	8	45	11	18	10	23	36	1
26	7	1997	4	6	15	25	35	49	21	0
2	8	1997	33	3	26	21	8	42	41	7
9	8	1997	16	30	12	39	10	42	31	8
16	8	1997	48	14	39	43	45	40	29	3
23	8	1997	11	45	6	27	24	31	9	6
30	8	1997	29	49	8	13	18	35	41	9
6	9	1997	47	44	7	24	15	6	19	8
13	9	1997	35	37	44	16	36	10	28	0
20	9	1997	37	12	36	6	48	16	31	3
27	9	1997	11	34	40	43	15	16	38	5
4	10	1997	38	9	13	23	40	27	29	8
11	10	1997	5	6	32	29	30	45	13	2
18	10	1997	10	42	30	29	2	25	43	4
25	10	1997	16	48	47	46	21	31	41	2
1	11	1997	28	33	49	9	18	4	40	5
8	11	1997	28	27	15	32	1	26	25	7
15	11	1997	43	11	12	10	35	7	2	9
22	11	1997	47	10	36	33	39	48	20	4
29	11	1997	36	1	11	14	48	16	3	1
6	12	1997	40	15	13	34	1	49	41	5
13	12	1997	9	23	22	40	3	41	6	3
20	12	1997	14	35	34	39	19	42	17	6
27	12	1997	4	47	17	42	41	12	22	2
3	1	1998	20	16	15	45	29	12	26	7
10	1	1998	19	49	29	2	36	43	34	1
17	1	1998	41	31	32	15	30	48	9	5
24	1	1998	44	35	14	22	48	25	33	8
31	1	1998	23	47	27	17	6	5	18	6
7	2	1998	12	48	44	42	40	36	39	6
14	2	1998	17	49	32	36	10	11	35	3
21	2	1998	2	49	37	29	47	13	21	0
28	2	1998	45	33	44	49	36	24	16	7
7	3	1998	23	25	40	44	18	12	38	5
14	3	1998	12	39	22	1	45	31	30	2
21	3	1998	16	38	5	9	40	41	44	1
28	3	1998	22	11	8	35	10	2	46	0
4	4	1998	48	39	17	42	3	41	32	8
11	4	1998	23	39	8	31	33	35	44	0
18	4	1998	45	46	24	11	3	49	29	0
25	4	1998	47	33	8	49	38	44	9	4
2	5	1998	40	38	48	18	32	34	9	5
9	5	1998	47	21	22	1	14	3	35	1
16	5	1998	37	22	43	5	36	15	17	2
23	5	1998	33	22	13	48	11	27	35	9
30	5	1998	15	4	9	38	22	45	41	0
6	6	1998	15	35	32	21	5	34	38	9
13	6	1998	20	14	8	27	6	34	38	8
20	6	1998	19	29	27	44	31	38	36	4
27	6	1998	12	6	1	11	20	16	17	3
4	7	1998	16	14	30	25	23	36	28	6
11	7	1998	2	10	49	41	38	14	11	9
18	7	1998	37	2	42	30	19	31	9	7
25	7	1998	9	49	34	14	38	13	16	7
1	8	1998	3	39	20	21	43	38	8	8
8	8	1998	7	11	15	22	37	39	42	3
15	8	1998	30	20	19	46	6	48	5	5
22	8	1998	24	47	36	38	5	40	49	8
29	8	1998	42	3	7	11	43	26	14	5
5	9	1998	8	41	32	48	15	45	11	4
12	9	1998	49	9	28	46	38	29	3	0
19	9	1998	27	32	48	20	26	9	40	6
26	9	1998	13	12	36	7	5	1	10	4
3	10	1998	32	23	29	44	18	40	15	4
10	10	1998	41	29	39	31	27	4	6	4
17	10	1998	35	28	36	32	1	5	27	4
24	10	1998	1	26	7	19	31	38	3	2
31	10	1998	2	44	24	26	5	6	12	0
7	11	1998	31	32	23	4	1	19	38	2
14	11	1998	33	7	32	41	27	25	38	7
21	11	1998	31	2	21	36	41	11	28	9
28	11	1998	34	10	17	38	33	28	16	3
5	12	1998	43	22	9	31	35	48	20	5
12	12	1998	10	25	7	41	28	17	24	4
19	12	1998	33	7	29	32	14	19	6	4
26	12	1998	19	24	45	29	43	20	30	0
2	1	1999	27	4	12	41	19	45	48	0
9	1	1999	11	17	6	48	20	4	23	2
16	1	1999	40	46	26	18	30	32	33	0
23	1	1999	15	32	10	27	46	25	49	7
30	1	1999	18	4	20	22	5	41	40	9
6	2	1999	38	45	29	48	13	37	33	4
13	2	1999	3	43	38	35	29	49	37	5
20	2	1999	46	13	48	1	23	9	36	0
27	2	1999	20	22	26	32	12	15	4	6
6	3	1999	49	38	44	27	3	18	36	7
13	3	1999	24	19	20	11	1	34	6	6
20	3	1999	25	29	44	15	12	30	7	8
27	3	1999	32	29	18	38	1	8	20	4
3	4	1999	20	46	35	2	29	11	47	6
10	4	1999	3	6	4	2	5	26	16	4
17	4	1999	46	7	39	36	42	6	17	3
24	4	1999	36	4	29	18	25	34	35	0
1	5	1999	26	12	24	13	9	48	27	0
8	5	1999	17	47	39	16	23	3	24	8
15	5	1999	28	11	40	49	42	46	44	3
22	5	1999	33	39	35	14	41	18	24	1
29	5	1999	11	43	12	42	1	13	37	2
5	6	1999	19	48	5	21	43	31	32	9
12	6	1999	13	42	24	25	12	41	49	9
19	6	1999	31	12	49	35	30	34	15	6
26	6	1999	16	14	18	48	1	49	5	1
3	7	1999	25	6	32	24	23	15	31	4
10	7	1999	15	30	3	5	44	38	9	1
17	7	1999	3	22	36	11	43	44	33	8
24	7	1999	34	27	49	31	35	28	30	7
31	7	1999	16	3	21	44	33	29	18	5
7	8	1999	27	42	9	33	20	21	48	1
14	8	1999	22	49	42	40	33	19	27	2
21	8	1999	9	41	4	24	20	23	34	2
28	8	1999	14	1	28	43	21	47	11	3
4	9	1999	24	35	30	34	17	19	26	0
11	9	1999	35	14	34	1	36	19	9	2
18	9	1999	45	35	44	28	24	21	37	5
25	9	1999	25	18	42	22	29	12	44	6
2	10	1999	19	42	10	27	45	35	8	4
9	10	1999	19	17	20	44	29	6	25	2
16	10	1999	30	12	7	42	4	3	10	1
23	10	1999	27	34	5	35	22	3	20	7
30	10	1999	45	49	14	23	1	10	7	3
6	11	1999	25	7	12	5	49	34	46	9
13	11	1999	47	27	19	30	23	14	34	2
20	11	1999	1	8	7	41	24	9	36	1
27	11	1999	5	24	43	48	2	37	20	1
4	12	1999	44	28	43	19	4	46	48	4
11	12	1999	19	22	46	6	47	7	3	4
18	12	1999	6	20	38	17	2	25	35	2
25	12	1999	33	24	18	30	5	23	1	4
1	1	2000	47	2	1	12	40	30	41	0
8	1	2000	37	20	4	6	29	31	33	8
15	1	2000	38	22	33	35	31	32	14	8
22	1	2000	40	30	15	28	10	25	32	7
29	1	2000	45	21	34	41	19	30	16	0
5	2	2000	26	27	43	23	12	31	38	2
12	2	2000	4	24	33	11	20	48	46	7
19	2	2000	17	9	15	40	10	20	27	3
26	2	2000	27	11	5	3	36	32	43	7
4	3	2000	29	13	22	5	14	32	39	7
11	3	2000	42	7	44	26	12	49	34	7
18	3	2000	29	2	8	4	5	42	20	1
25	3	2000	39	20	43	33	36	38	41	8
1	4	2000	48	11	25	1	42	17	33	0
8	4	2000	5	41	22	44	16	45	31	4
15	4	2000	11	13	1	7	25	15	43	2
22	4	2000	21	15	33	32	16	25	30	3
29	4	2000	14	39	30	7	36	38	45	6
6	5	2000	9	38	16	34	4	40	45	6
13	5	2000	5	25	37	43	29	6	32	6
20	5	2000	31	49	19	36	40	32	45	9
27	5	2000	9	29	35	40	16	26	48	0
3	6	2000	21	39	27	25	9	40	6	7
10	6	2000	25	35	44	37	1	33	30	2
17	6	2000	40	32	49	46	28	24	39	7
24	6	2000	29	43	6	13	42	28	31	6
1	7	2000	16	44	18	24	29	36	25	9
8	7	2000	11	8	15	17	2	35	23	1
15	7	2000	9	28	3	31	38	24	22	6
22	7	2000	40	2	14	44	9	38	4	0
29	7	2000	33	13	5	32	28	27	45	9
5	8	2000	26	18	47	21	32	16	1	1
12	8	2000	38	26	39	16	19	32	5	2
19	8	2000	1	31	32	20	25	39	19	3
26	8	2000	46	1	43	27	4	28	19	6
2	9	2000	22	32	25	23	36	35	31	2
9	9	2000	16	47	41	40	29	39	17	6
16	9	2000	18	43	25	4	10	20	40	2
23	9	2000	35	18	26	39	9	45	29	3
30	9	2000	10	11	35	1	7	2	31	3
7	10	2000	26	38	3	32	1	48	27	7
14	10	2000	39	47	37	38	2	26	11	2
21	10	2000	21	32	24	30	10	33	29	2
28	10	2000	35	29	13	49	11	5	47	8
4	11	2000	37	46	22	48	43	17	26	3
11	11	2000	39	49	24	26	27	41	33	6
18	11	2000	8	1	23	37	47	6	49	9
25	11	2000	48	4	10	37	43	14	12	2
